RRKM rate, sf=0.970, S*=-17.94, E0=0.64 and Delta=0.14
   En (eV)    k (s-1)
         0          0
  0.012398          0
  0.024796          0
  0.037194          0
  0.049593          0
  0.061991          0
  0.074389          0
  0.086787          0
  0.099185          0
   0.11158          0
   0.12398          0
   0.13638          0
   0.14878          0
   0.16118          0
   0.17357          0
   0.18597          0
   0.19837          0
   0.21077          0
   0.22317          0
   0.23556          0
   0.24796          0
   0.26036          0
   0.27276          0
   0.28516          0
   0.29756          0
   0.30995          0
   0.32235          0
   0.33475          0
   0.34715          0
   0.35955          0
   0.37194          0
   0.38434          0
   0.39674          0
   0.40914          0
   0.42154          0
   0.43393          0
   0.44633          0
   0.45873          0
   0.47113          0
   0.48353          0
   0.49593          0
   0.50832          0
   0.52072          0
   0.53312          0
   0.54552          0
   0.55792          0
   0.57031          0
   0.58271          0
   0.59511          0
   0.60751          0
   0.61991          0
    0.6323          0
    0.6447          0
    0.6571     381.18
    0.6695     865.89
    0.6819     1971.4
    0.6943       3332
   0.70669     5460.5
   0.71909     8244.9
   0.73149      12102
   0.74389      17197
   0.75629      23761
   0.76868      32244
   0.78108      42756
   0.79348      55925
   0.80588      71905
   0.81828      91412
   0.83067 1.1474e+05
   0.84307 1.4263e+05
   0.85547 1.7557e+05
   0.86787 2.1427e+05
   0.88027 2.5945e+05
   0.89267 3.1183e+05
   0.90506 3.7228e+05
   0.91746 4.4163e+05
   0.92986  5.209e+05
   0.94226 6.1101e+05
   0.95466  7.131e+05
   0.96705 8.2824e+05
   0.97945 9.5766e+05
   0.99185 1.1026e+06
    1.0042 1.2644e+06
    1.0166 1.4445e+06
     1.029 1.6443e+06
    1.0414 1.8654e+06
    1.0538 2.1093e+06
    1.0662 2.3778e+06
    1.0786 2.6727e+06
     1.091 2.9956e+06
    1.1034 3.3487e+06
    1.1158 3.7338e+06
    1.1282 4.1529e+06
    1.1406 4.6083e+06
     1.153 5.1021e+06
    1.1654 5.6367e+06
    1.1778 6.2143e+06
    1.1902 6.8374e+06
    1.2026 7.5086e+06
     1.215 8.2304e+06
    1.2274 9.0055e+06
    1.2398 9.8367e+06
    1.2522 1.0727e+07
    1.2646 1.1679e+07
     1.277 1.2695e+07
    1.2894  1.378e+07
    1.3018 1.4935e+07
    1.3142 1.6165e+07
    1.3266 1.7472e+07
     1.339  1.886e+07
    1.3514 2.0332e+07
    1.3638 2.1892e+07
    1.3762 2.3543e+07
    1.3886 2.5289e+07
     1.401 2.7135e+07
    1.4134 2.9082e+07
    1.4258 3.1137e+07
    1.4382 3.3301e+07
    1.4506  3.558e+07
     1.463 3.7978e+07
    1.4754 4.0499e+07
    1.4878 4.3146e+07
    1.5002 4.5925e+07
    1.5126 4.8839e+07
     1.525 5.1893e+07
    1.5374 5.5092e+07
    1.5498 5.8441e+07
    1.5622 6.1943e+07
    1.5746 6.5603e+07
     1.587 6.9427e+07
    1.5994 7.3419e+07
    1.6118 7.7584e+07
    1.6242 8.1927e+07
    1.6366 8.6452e+07
     1.649 9.1166e+07
    1.6613 9.6072e+07
    1.6737 1.0118e+08
    1.6861 1.0649e+08
    1.6985   1.12e+08
    1.7109 1.1773e+08
    1.7233 1.2369e+08
    1.7357 1.2986e+08
    1.7481 1.3627e+08
    1.7605 1.4291e+08
    1.7729 1.4979e+08
    1.7853 1.5693e+08
    1.7977 1.6431e+08
    1.8101 1.7195e+08
    1.8225 1.7986e+08
    1.8349 1.8804e+08
    1.8473 1.9649e+08
    1.8597 2.0522e+08
    1.8721 2.1425e+08
    1.8845 2.2356e+08
    1.8969 2.3318e+08
    1.9093  2.431e+08
    1.9217 2.5334e+08
    1.9341 2.6389e+08
    1.9465 2.7477e+08
    1.9589 2.8598e+08
    1.9713 2.9752e+08
    1.9837 3.0941e+08
    1.9961 3.2164e+08
    2.0085 3.3423e+08
    2.0209 3.4719e+08
    2.0333 3.6051e+08
    2.0457 3.7421e+08
    2.0581 3.8828e+08
    2.0705 4.0275e+08
    2.0829 4.1761e+08
    2.0953 4.3287e+08
    2.1077 4.4853e+08
    2.1201 4.6461e+08
    2.1325 4.8111e+08
    2.1449 4.9804e+08
    2.1573  5.154e+08
    2.1697  5.332e+08
    2.1821 5.5144e+08
    2.1945 5.7014e+08
    2.2069  5.893e+08
    2.2193 6.0892e+08
    2.2317 6.2902e+08
    2.2441 6.4959e+08
    2.2565 6.7066e+08
    2.2689 6.9221e+08
    2.2813 7.1426e+08
    2.2937 7.3683e+08
    2.3061  7.599e+08
    2.3185 7.8349e+08
    2.3308 8.0762e+08
    2.3432 8.3227e+08
    2.3556 8.5747e+08
     2.368 8.8321e+08
    2.3804  9.095e+08
    2.3928 9.3636e+08
    2.4052 9.6377e+08
    2.4176 9.9177e+08
      2.43 1.0203e+09
    2.4424 1.0495e+09
    2.4548 1.0793e+09
    2.4672 1.1096e+09
    2.4796 1.1406e+09
     2.492 1.1722e+09
    2.5044 1.2044e+09
    2.5168 1.2372e+09
    2.5292 1.2707e+09
    2.5416 1.3048e+09
     2.554 1.3395e+09
    2.5664 1.3749e+09
    2.5788  1.411e+09
    2.5912 1.4477e+09
    2.6036 1.4851e+09
     2.616 1.5232e+09
    2.6284  1.562e+09
    2.6408 1.6015e+09
    2.6532 1.6416e+09
    2.6656 1.6825e+09
     2.678 1.7241e+09
    2.6904 1.7664e+09
    2.7028 1.8095e+09
    2.7152 1.8533e+09
    2.7276 1.8978e+09
      2.74 1.9431e+09
    2.7524 1.9891e+09
    2.7648 2.0359e+09
    2.7772 2.0834e+09
    2.7896 2.1317e+09
     2.802 2.1808e+09
    2.8144 2.2307e+09
    2.8268 2.2814e+09
    2.8392 2.3329e+09
    2.8516 2.3851e+09
     2.864 2.4382e+09
    2.8764 2.4921e+09
    2.8888 2.5469e+09
    2.9012 2.6025e+09
    2.9136 2.6589e+09
     2.926 2.7161e+09
    2.9384 2.7742e+09
    2.9508 2.8331e+09
    2.9632  2.893e+09
    2.9756 2.9536e+09
     2.988 3.0152e+09
    3.0003 3.0776e+09
    3.0127  3.141e+09
    3.0251 3.2052e+09
    3.0375 3.2703e+09
    3.0499 3.3363e+09
    3.0623 3.4032e+09
    3.0747 3.4711e+09
    3.0871 3.5398e+09
    3.0995 3.6095e+09
    3.1119 3.6802e+09
    3.1243 3.7517e+09
    3.1367 3.8242e+09
    3.1491 3.8977e+09
    3.1615 3.9721e+09
    3.1739 4.0475e+09
    3.1863 4.1238e+09
    3.1987 4.2012e+09
    3.2111 4.2795e+09
    3.2235 4.3588e+09
    3.2359 4.4391e+09
    3.2483 4.5203e+09
    3.2607 4.6026e+09
    3.2731 4.6859e+09
    3.2855 4.7702e+09
    3.2979 4.8555e+09
    3.3103 4.9419e+09
    3.3227 5.0293e+09
    3.3351 5.1177e+09
    3.3475 5.2072e+09
    3.3599 5.2976e+09
    3.3723 5.3892e+09
    3.3847 5.4818e+09
    3.3971 5.5755e+09
    3.4095 5.6702e+09
    3.4219  5.766e+09
    3.4343 5.8629e+09
    3.4467 5.9609e+09
    3.4591   6.06e+09
    3.4715 6.1601e+09
    3.4839 6.2613e+09
    3.4963 6.3637e+09
    3.5087 6.4672e+09
    3.5211 6.5717e+09
    3.5335 6.6774e+09
    3.5459 6.7842e+09
    3.5583 6.8921e+09
    3.5707 7.0012e+09
    3.5831 7.1114e+09
    3.5955 7.2228e+09
    3.6079 7.3353e+09
    3.6203 7.4489e+09
    3.6327 7.5637e+09
    3.6451 7.6797e+09
    3.6574 7.7968e+09
    3.6698 7.9151e+09
    3.6822 8.0346e+09
    3.6946 8.1552e+09
     3.707  8.277e+09
    3.7194    8.4e+09
    3.7318 8.5242e+09
    3.7442 8.6496e+09
    3.7566 8.7762e+09
     3.769  8.904e+09
    3.7814  9.033e+09
    3.7938 9.1633e+09
    3.8062 9.2947e+09
    3.8186 9.4274e+09
     3.831 9.5613e+09
    3.8434 9.6964e+09
    3.8558 9.8327e+09
    3.8682 9.9703e+09
    3.8806 1.0109e+10
     3.893 1.0249e+10
    3.9054 1.0391e+10
    3.9178 1.0533e+10
    3.9302 1.0677e+10
    3.9426 1.0822e+10
     3.955 1.0968e+10
    3.9674 1.1116e+10
    3.9798 1.1265e+10
    3.9922 1.1415e+10
    4.0046 1.1567e+10
     4.017 1.1719e+10
    4.0294 1.1873e+10
    4.0418 1.2029e+10
    4.0542 1.2185e+10
    4.0666 1.2343e+10
     4.079 1.2502e+10
    4.0914 1.2663e+10
    4.1038 1.2825e+10
    4.1162 1.2988e+10
    4.1286 1.3152e+10
     4.141 1.3318e+10
    4.1534 1.3485e+10
    4.1658 1.3653e+10
    4.1782 1.3823e+10
    4.1906 1.3994e+10
     4.203 1.4167e+10
    4.2154  1.434e+10
    4.2278 1.4515e+10
    4.2402 1.4692e+10
    4.2526 1.4869e+10
     4.265 1.5049e+10
    4.2774 1.5229e+10
    4.2898 1.5411e+10
    4.3022 1.5594e+10
    4.3146 1.5779e+10
    4.3269 1.5964e+10
    4.3393 1.6152e+10
    4.3517  1.634e+10
    4.3641  1.653e+10
    4.3765 1.6722e+10
    4.3889 1.6914e+10
    4.4013 1.7109e+10
    4.4137 1.7304e+10
    4.4261 1.7501e+10
    4.4385 1.7699e+10
    4.4509 1.7899e+10
    4.4633   1.81e+10
    4.4757 1.8302e+10
    4.4881 1.8506e+10
    4.5005 1.8711e+10
    4.5129 1.8918e+10
    4.5253 1.9126e+10
    4.5377 1.9336e+10
    4.5501 1.9547e+10
    4.5625 1.9759e+10
    4.5749 1.9973e+10
    4.5873 2.0188e+10
    4.5997 2.0404e+10
    4.6121 2.0622e+10
    4.6245 2.0842e+10
    4.6369 2.1062e+10
    4.6493 2.1285e+10
    4.6617 2.1508e+10
    4.6741 2.1733e+10
    4.6865  2.196e+10
    4.6989 2.2188e+10
    4.7113 2.2417e+10
    4.7237 2.2648e+10
    4.7361  2.288e+10
    4.7485 2.3114e+10
    4.7609 2.3349e+10
    4.7733 2.3586e+10
    4.7857 2.3824e+10
    4.7981 2.4063e+10
    4.8105 2.4304e+10
    4.8229 2.4547e+10
    4.8353 2.4791e+10
    4.8477 2.5036e+10
    4.8601 2.5283e+10
    4.8725 2.5531e+10
    4.8849 2.5781e+10
    4.8973 2.6032e+10
    4.9097 2.6284e+10
    4.9221 2.6538e+10
    4.9345 2.6794e+10
    4.9469 2.7051e+10
    4.9593  2.731e+10
    4.9717 2.7569e+10
     4.984 2.7831e+10
    4.9964 2.8094e+10
    5.0088 2.8358e+10
    5.0212 2.8624e+10
    5.0336 2.8891e+10
     5.046  2.916e+10
    5.0584  2.943e+10
    5.0708 2.9702e+10
    5.0832 2.9975e+10
    5.0956  3.025e+10
     5.108 3.0526e+10
    5.1204 3.0804e+10
    5.1328 3.1083e+10
    5.1452 3.1364e+10
    5.1576 3.1646e+10
      5.17  3.193e+10
    5.1824 3.2215e+10
    5.1948 3.2501e+10
    5.2072  3.279e+10
    5.2196 3.3079e+10
     5.232  3.337e+10
    5.2444 3.3663e+10
    5.2568 3.3957e+10
    5.2692 3.4253e+10
    5.2816  3.455e+10
     5.294 3.4848e+10
    5.3064 3.5149e+10
    5.3188  3.545e+10
    5.3312 3.5753e+10
    5.3436 3.6058e+10
     5.356 3.6364e+10
    5.3684 3.6672e+10
    5.3808 3.6981e+10
    5.3932 3.7291e+10
    5.4056 3.7603e+10
     5.418 3.7917e+10
    5.4304 3.8232e+10
    5.4428 3.8549e+10
    5.4552 3.8867e+10
    5.4676 3.9187e+10
      5.48 3.9508e+10
    5.4924  3.983e+10
    5.5048 4.0154e+10
    5.5172  4.048e+10
    5.5296 4.0807e+10
     5.542 4.1136e+10
    5.5544 4.1466e+10
    5.5668 4.1798e+10
    5.5792 4.2131e+10
    5.5916 4.2466e+10
     5.604 4.2802e+10
    5.6164  4.314e+10
    5.6288 4.3479e+10
    5.6412  4.382e+10
    5.6535 4.4162e+10
    5.6659 4.4506e+10
    5.6783 4.4851e+10
    5.6907 4.5198e+10
    5.7031 4.5546e+10
    5.7155 4.5896e+10
    5.7279 4.6247e+10
    5.7403   4.66e+10
    5.7527 4.6955e+10
    5.7651  4.731e+10
    5.7775 4.7668e+10
    5.7899 4.8027e+10
    5.8023 4.8387e+10
    5.8147 4.8749e+10
    5.8271 4.9113e+10
    5.8395 4.9477e+10
    5.8519 4.9844e+10
    5.8643 5.0212e+10
    5.8767 5.0581e+10
    5.8891 5.0952e+10
    5.9015 5.1325e+10
    5.9139 5.1699e+10
    5.9263 5.2074e+10
    5.9387 5.2451e+10
    5.9511  5.283e+10
    5.9635  5.321e+10
    5.9759 5.3591e+10
    5.9883 5.3974e+10
    6.0007 5.4359e+10
    6.0131 5.4745e+10
    6.0255 5.5132e+10
    6.0379 5.5521e+10
    6.0503 5.5912e+10
    6.0627 5.6304e+10
    6.0751 5.6698e+10
    6.0875 5.7092e+10
    6.0999 5.7489e+10
    6.1123 5.7887e+10
    6.1247 5.8287e+10
    6.1371 5.8688e+10
    6.1495  5.909e+10
    6.1619 5.9494e+10
    6.1743   5.99e+10
    6.1867 6.0307e+10
    6.1991 6.0716e+10
    6.2115 6.1126e+10
    6.2239 6.1538e+10
    6.2363 6.1951e+10
    6.2487 6.2365e+10
    6.2611 6.2781e+10
    6.2735 6.3199e+10
    6.2859 6.3618e+10
    6.2983 6.4038e+10
    6.3107 6.4461e+10
     6.323 6.4884e+10
    6.3354 6.5309e+10
    6.3478 6.5736e+10
    6.3602 6.6164e+10
    6.3726 6.6593e+10
     6.385 6.7024e+10
    6.3974 6.7457e+10
    6.4098 6.7891e+10
    6.4222 6.8326e+10
    6.4346 6.8763e+10
     6.447 6.9201e+10
    6.4594 6.9641e+10
    6.4718 7.0082e+10
    6.4842 7.0525e+10
    6.4966  7.097e+10
     6.509 7.1416e+10
    6.5214 7.1863e+10
    6.5338 7.2312e+10
    6.5462 7.2762e+10
    6.5586 7.3214e+10
     6.571 7.3667e+10
    6.5834 7.4121e+10
    6.5958 7.4578e+10
    6.6082 7.5035e+10
    6.6206 7.5495e+10
     6.633 7.5955e+10
    6.6454 7.6417e+10
    6.6578 7.6881e+10
    6.6702 7.7346e+10
    6.6826 7.7812e+10
     6.695  7.828e+10
    6.7074 7.8749e+10
    6.7198  7.922e+10
    6.7322 7.9693e+10
    6.7446 8.0166e+10
     6.757 8.0642e+10
    6.7694 8.1118e+10
    6.7818 8.1596e+10
    6.7942 8.2076e+10
    6.8066 8.2557e+10
     6.819 8.3039e+10
    6.8314 8.3523e+10
    6.8438 8.4009e+10
    6.8562 8.4495e+10
    6.8686 8.4984e+10
     6.881 8.5473e+10
    6.8934 8.5965e+10
    6.9058 8.6457e+10
    6.9182 8.6952e+10
    6.9306 8.7447e+10
     6.943 8.7944e+10
    6.9554 8.8442e+10
    6.9678 8.8942e+10
    6.9801 8.9443e+10
    6.9925 8.9946e+10
    7.0049  9.045e+10
    7.0173 9.0955e+10
    7.0297 9.1463e+10
    7.0421 9.1971e+10
    7.0545 9.2481e+10
    7.0669 9.2992e+10
    7.0793 9.3505e+10
    7.0917 9.4019e+10
    7.1041 9.4534e+10
    7.1165 9.5051e+10
    7.1289 9.5569e+10
    7.1413 9.6089e+10
    7.1537 9.6611e+10
    7.1661 9.7133e+10
    7.1785 9.7657e+10
    7.1909 9.8183e+10
    7.2033  9.871e+10
    7.2157 9.9238e+10
    7.2281 9.9768e+10
    7.2405  1.003e+11
    7.2529 1.0083e+11
    7.2653 1.0137e+11
    7.2777  1.019e+11
    7.2901 1.0244e+11
    7.3025 1.0297e+11
    7.3149 1.0351e+11
    7.3273 1.0406e+11
    7.3397  1.046e+11
    7.3521 1.0514e+11
    7.3645 1.0569e+11
    7.3769 1.0623e+11
    7.3893 1.0678e+11
    7.4017 1.0733e+11
    7.4141 1.0788e+11
    7.4265 1.0843e+11
    7.4389 1.0899e+11
    7.4513 1.0954e+11
    7.4637  1.101e+11
    7.4761 1.1065e+11
    7.4885 1.1121e+11
    7.5009 1.1177e+11
    7.5133 1.1233e+11
    7.5257  1.129e+11
    7.5381 1.1346e+11
    7.5505 1.1403e+11
    7.5629 1.1459e+11
    7.5753 1.1516e+11
    7.5877 1.1573e+11
    7.6001  1.163e+11
    7.6125 1.1688e+11
    7.6249 1.1745e+11
    7.6373 1.1803e+11
    7.6496  1.186e+11
     7.662 1.1918e+11
    7.6744 1.1976e+11
    7.6868 1.2034e+11
    7.6992 1.2092e+11
    7.7116 1.2151e+11
     7.724 1.2209e+11
    7.7364 1.2268e+11
    7.7488 1.2326e+11
    7.7612 1.2385e+11
    7.7736 1.2444e+11
     7.786 1.2503e+11
    7.7984 1.2563e+11
    7.8108 1.2622e+11
    7.8232 1.2681e+11
    7.8356 1.2741e+11
     7.848 1.2801e+11
    7.8604 1.2861e+11
    7.8728 1.2921e+11
    7.8852 1.2981e+11
    7.8976 1.3041e+11
      7.91 1.3102e+11
    7.9224 1.3162e+11
    7.9348 1.3223e+11
    7.9472 1.3284e+11
    7.9596 1.3345e+11
     7.972 1.3406e+11
    7.9844 1.3467e+11
    7.9968 1.3529e+11
    8.0092  1.359e+11
    8.0216 1.3652e+11
     8.034 1.3714e+11
    8.0464 1.3775e+11
    8.0588 1.3837e+11
    8.0712   1.39e+11
    8.0836 1.3962e+11
     8.096 1.4024e+11
    8.1084 1.4087e+11
    8.1208 1.4149e+11
    8.1332 1.4212e+11
    8.1456 1.4275e+11
     8.158 1.4338e+11
    8.1704 1.4401e+11
    8.1828 1.4465e+11
    8.1952 1.4528e+11
    8.2076 1.4592e+11
      8.22 1.4655e+11
    8.2324 1.4719e+11
    8.2448 1.4783e+11
    8.2572 1.4847e+11
    8.2696 1.4911e+11
     8.282 1.4976e+11
    8.2944  1.504e+11
    8.3067 1.5105e+11
    8.3191 1.5169e+11
    8.3315 1.5234e+11
    8.3439 1.5299e+11
    8.3563 1.5364e+11
    8.3687 1.5429e+11
    8.3811 1.5495e+11
    8.3935  1.556e+11
    8.4059 1.5626e+11
    8.4183 1.5691e+11
    8.4307 1.5757e+11
    8.4431 1.5823e+11
    8.4555 1.5889e+11
    8.4679 1.5955e+11
    8.4803 1.6021e+11
    8.4927 1.6088e+11
    8.5051 1.6154e+11
    8.5175 1.6221e+11
    8.5299 1.6288e+11
    8.5423 1.6355e+11
    8.5547 1.6422e+11
    8.5671 1.6489e+11
    8.5795 1.6556e+11
    8.5919 1.6624e+11
    8.6043 1.6691e+11
    8.6167 1.6759e+11
    8.6291 1.6826e+11
    8.6415 1.6894e+11
    8.6539 1.6962e+11
    8.6663  1.703e+11
    8.6787 1.7099e+11
    8.6911 1.7167e+11
    8.7035 1.7235e+11
    8.7159 1.7304e+11
    8.7283 1.7373e+11
    8.7407 1.7441e+11
    8.7531  1.751e+11
    8.7655 1.7579e+11
    8.7779 1.7649e+11
    8.7903 1.7718e+11
    8.8027 1.7787e+11
    8.8151 1.7857e+11
    8.8275 1.7926e+11
    8.8399 1.7996e+11
    8.8523 1.8066e+11
    8.8647 1.8136e+11
    8.8771 1.8206e+11
    8.8895 1.8276e+11
    8.9019 1.8347e+11
    8.9143 1.8417e+11
    8.9267 1.8488e+11
    8.9391 1.8558e+11
    8.9515 1.8629e+11
    8.9639   1.87e+11
    8.9762 1.8771e+11
    8.9886 1.8842e+11
     9.001 1.8913e+11
    9.0134 1.8985e+11
    9.0258 1.9056e+11
    9.0382 1.9128e+11
    9.0506   1.92e+11
     9.063 1.9271e+11
    9.0754 1.9343e+11
    9.0878 1.9415e+11
    9.1002 1.9488e+11
    9.1126  1.956e+11
     9.125 1.9632e+11
    9.1374 1.9705e+11
    9.1498 1.9777e+11
    9.1622  1.985e+11
    9.1746 1.9923e+11
     9.187 1.9996e+11
    9.1994 2.0069e+11
    9.2118 2.0142e+11
    9.2242 2.0215e+11
    9.2366 2.0289e+11
     9.249 2.0362e+11
    9.2614 2.0436e+11
    9.2738 2.0509e+11
    9.2862 2.0583e+11
    9.2986 2.0657e+11
     9.311 2.0731e+11
    9.3234 2.0805e+11
    9.3358  2.088e+11
    9.3482 2.0954e+11
    9.3606 2.1028e+11
     9.373 2.1103e+11
    9.3854 2.1178e+11
    9.3978 2.1252e+11
    9.4102 2.1327e+11
    9.4226 2.1402e+11
     9.435 2.1478e+11
    9.4474 2.1553e+11
    9.4598 2.1628e+11
    9.4722 2.1703e+11
    9.4846 2.1779e+11
     9.497 2.1855e+11
    9.5094  2.193e+11
    9.5218 2.2006e+11
    9.5342 2.2082e+11
    9.5466 2.2158e+11
     9.559 2.2234e+11
    9.5714 2.2311e+11
    9.5838 2.2387e+11
    9.5962 2.2463e+11
    9.6086  2.254e+11
     9.621 2.2617e+11
    9.6333 2.2694e+11
    9.6457  2.277e+11
    9.6581 2.2847e+11
    9.6705 2.2924e+11
    9.6829 2.3002e+11
    9.6953 2.3079e+11
    9.7077 2.3156e+11
    9.7201 2.3234e+11
    9.7325 2.3311e+11
    9.7449 2.3389e+11
    9.7573 2.3467e+11
    9.7697 2.3545e+11
    9.7821 2.3623e+11
    9.7945 2.3701e+11
    9.8069 2.3779e+11
    9.8193 2.3857e+11
    9.8317 2.3936e+11
    9.8441 2.4014e+11
    9.8565 2.4093e+11
    9.8689 2.4172e+11
    9.8813  2.425e+11
    9.8937 2.4329e+11
    9.9061 2.4408e+11
    9.9185 2.4488e+11
    9.9309 2.4567e+11
    9.9433 2.4646e+11
    9.9557 2.4725e+11
    9.9681 2.4805e+11
    9.9805 2.4884e+11
    9.9929 2.4964e+11
    10.005 2.5044e+11
    10.018 2.5124e+11
     10.03 2.5204e+11
    10.042 2.5284e+11
    10.055 2.5364e+11
    10.067 2.5444e+11
     10.08 2.5525e+11
    10.092 2.5605e+11
    10.104 2.5686e+11
    10.117 2.5766e+11
    10.129 2.5847e+11
    10.142 2.5928e+11
    10.154 2.6009e+11
    10.166  2.609e+11
    10.179 2.6171e+11
    10.191 2.6252e+11
    10.204 2.6333e+11
    10.216 2.6415e+11
    10.228 2.6496e+11
    10.241 2.6578e+11
    10.253  2.666e+11
    10.266 2.6741e+11
    10.278 2.6823e+11
     10.29 2.6905e+11
    10.303 2.6987e+11
    10.315 2.7069e+11
    10.328 2.7152e+11
     10.34 2.7234e+11
    10.352 2.7316e+11
    10.365 2.7399e+11
    10.377 2.7481e+11
     10.39 2.7564e+11
    10.402 2.7647e+11
    10.414  2.773e+11
    10.427 2.7813e+11
    10.439 2.7896e+11
    10.452 2.7979e+11
    10.464 2.8062e+11
    10.476 2.8146e+11
    10.489 2.8229e+11
    10.501 2.8312e+11
    10.514 2.8396e+11
    10.526  2.848e+11
    10.538 2.8563e+11
    10.551 2.8647e+11
    10.563 2.8731e+11
    10.576 2.8815e+11
    10.588 2.8899e+11
      10.6 2.8983e+11
    10.613 2.9068e+11
    10.625 2.9152e+11
    10.638 2.9237e+11
     10.65 2.9321e+11
    10.662 2.9406e+11
    10.675  2.949e+11
    10.687 2.9575e+11
      10.7  2.966e+11
    10.712 2.9745e+11
    10.724  2.983e+11
    10.737 2.9915e+11
    10.749      3e+11
    10.762 3.0086e+11
    10.774 3.0171e+11
    10.786 3.0257e+11
    10.799 3.0342e+11
    10.811 3.0428e+11
    10.824 3.0514e+11
    10.836 3.0599e+11
    10.848 3.0685e+11
    10.861 3.0771e+11
    10.873 3.0857e+11
    10.886 3.0944e+11
    10.898  3.103e+11
     10.91 3.1116e+11
    10.923 3.1203e+11
    10.935 3.1289e+11
    10.948 3.1375e+11
     10.96 3.1462e+11
    10.972 3.1549e+11
    10.985 3.1636e+11
    10.997 3.1723e+11
     11.01 3.1809e+11
    11.022 3.1897e+11
    11.034 3.1984e+11
    11.047 3.2071e+11
    11.059 3.2158e+11
    11.072 3.2245e+11
    11.084 3.2333e+11
    11.096  3.242e+11
    11.109 3.2508e+11
    11.121 3.2596e+11
    11.134 3.2683e+11
    11.146 3.2771e+11
    11.158 3.2859e+11
    11.171 3.2947e+11
    11.183 3.3035e+11
    11.196 3.3123e+11
    11.208 3.3212e+11
     11.22   3.33e+11
    11.233 3.3388e+11
    11.245 3.3477e+11
    11.258 3.3565e+11
     11.27 3.3654e+11
    11.282 3.3743e+11
    11.295 3.3831e+11
    11.307  3.392e+11
    11.319 3.4009e+11
    11.332 3.4098e+11
    11.344 3.4187e+11
    11.357 3.4276e+11
    11.369 3.4365e+11
    11.381 3.4455e+11
    11.394 3.4544e+11
    11.406 3.4633e+11
    11.419 3.4723e+11
    11.431 3.4812e+11
    11.443 3.4902e+11
    11.456 3.4992e+11
    11.468 3.5082e+11
    11.481 3.5172e+11
    11.493 3.5261e+11
    11.505 3.5352e+11
    11.518 3.5442e+11
     11.53 3.5532e+11
    11.543 3.5622e+11
    11.555 3.5712e+11
    11.567 3.5803e+11
     11.58 3.5893e+11
    11.592 3.5984e+11
    11.605 3.6074e+11
    11.617 3.6165e+11
    11.629 3.6256e+11
    11.642 3.6347e+11
    11.654 3.6437e+11
    11.667 3.6528e+11
    11.679 3.6619e+11
    11.691 3.6711e+11
    11.704 3.6802e+11
    11.716 3.6893e+11
    11.729 3.6984e+11
    11.741 3.7076e+11
    11.753 3.7167e+11
    11.766 3.7258e+11
    11.778  3.735e+11
    11.791 3.7442e+11
    11.803 3.7533e+11
    11.815 3.7625e+11
    11.828 3.7717e+11
     11.84 3.7809e+11
    11.853 3.7901e+11
    11.865 3.7993e+11
    11.877 3.8085e+11
     11.89 3.8177e+11
    11.902  3.827e+11
    11.915 3.8362e+11
    11.927 3.8454e+11
    11.939 3.8547e+11
    11.952 3.8639e+11
    11.964 3.8732e+11
    11.977 3.8825e+11
    11.989 3.8917e+11
    12.001  3.901e+11
    12.014 3.9103e+11
    12.026 3.9196e+11
    12.039 3.9289e+11
    12.051 3.9382e+11
    12.063 3.9475e+11
    12.076 3.9568e+11
    12.088 3.9661e+11
    12.101 3.9755e+11
    12.113 3.9848e+11
    12.125 3.9941e+11
    12.138 4.0035e+11
     12.15 4.0128e+11
    12.163 4.0222e+11
    12.175 4.0316e+11
    12.187  4.041e+11
      12.2 4.0503e+11
    12.212 4.0597e+11
    12.225 4.0691e+11
    12.237 4.0785e+11
    12.249 4.0879e+11
    12.262 4.0973e+11
    12.274 4.1067e+11
    12.287 4.1162e+11
    12.299 4.1256e+11
    12.311  4.135e+11
    12.324 4.1445e+11
    12.336 4.1539e+11
    12.349 4.1634e+11
    12.361 4.1728e+11
    12.373 4.1823e+11
    12.386 4.1918e+11
    12.398 4.2013e+11
    12.411 4.2107e+11
    12.423 4.2202e+11
    12.435 4.2297e+11
    12.448 4.2392e+11
     12.46 4.2487e+11
    12.473 4.2583e+11
    12.485 4.2678e+11
    12.497 4.2773e+11
     12.51 4.2868e+11
    12.522 4.2964e+11
    12.535 4.3059e+11
    12.547 4.3155e+11
    12.559  4.325e+11
    12.572 4.3346e+11
    12.584 4.3441e+11
    12.597 4.3537e+11
    12.609 4.3633e+11
    12.621 4.3729e+11
    12.634 4.3825e+11
    12.646 4.3921e+11
    12.658 4.4017e+11
    12.671 4.4113e+11
    12.683 4.4209e+11
    12.696 4.4305e+11
    12.708 4.4401e+11
     12.72 4.4497e+11
    12.733 4.4594e+11
    12.745  4.469e+11
    12.758 4.4787e+11
     12.77 4.4883e+11
    12.782  4.498e+11
    12.795 4.5076e+11
    12.807 4.5173e+11
     12.82  4.527e+11
    12.832 4.5366e+11
    12.844 4.5463e+11
    12.857  4.556e+11
    12.869 4.5657e+11
    12.882 4.5754e+11
    12.894 4.5851e+11
    12.906 4.5948e+11
    12.919 4.6045e+11
    12.931 4.6143e+11
    12.944  4.624e+11
    12.956 4.6337e+11
    12.968 4.6434e+11
    12.981 4.6532e+11
    12.993 4.6629e+11
    13.006 4.6727e+11
    13.018 4.6824e+11
     13.03 4.6922e+11
    13.043  4.702e+11
    13.055 4.7117e+11
    13.068 4.7215e+11
     13.08 4.7313e+11
    13.092 4.7411e+11
    13.105 4.7509e+11
    13.117 4.7607e+11
     13.13 4.7705e+11
    13.142 4.7803e+11
    13.154 4.7901e+11
    13.167 4.7999e+11
    13.179 4.8097e+11
    13.192 4.8195e+11
    13.204 4.8294e+11
    13.216 4.8392e+11
    13.229  4.849e+11
    13.241 4.8589e+11
    13.254 4.8688e+11
    13.266 4.8786e+11
    13.278 4.8885e+11
    13.291 4.8983e+11
    13.303 4.9082e+11
    13.316 4.9181e+11
    13.328  4.928e+11
     13.34 4.9379e+11
    13.353 4.9477e+11
    13.365 4.9576e+11
    13.378 4.9675e+11
     13.39 4.9775e+11
    13.402 4.9874e+11
    13.415 4.9973e+11
    13.427 5.0072e+11
     13.44 5.0171e+11
    13.452  5.027e+11
    13.464 5.0369e+11
    13.477 5.0469e+11
    13.489 5.0568e+11
    13.502 5.0668e+11
    13.514 5.0767e+11
    13.526 5.0867e+11
    13.539 5.0966e+11
    13.551 5.1066e+11
    13.564 5.1166e+11
    13.576 5.1265e+11
    13.588 5.1365e+11
    13.601 5.1465e+11
    13.613 5.1565e+11
    13.626 5.1665e+11
    13.638 5.1765e+11
     13.65 5.1865e+11
    13.663 5.1965e+11
    13.675 5.2065e+11
    13.688 5.2165e+11
      13.7 5.2265e+11
    13.712 5.2365e+11
    13.725 5.2465e+11
    13.737 5.2566e+11
     13.75 5.2666e+11
    13.762 5.2766e+11
    13.774 5.2867e+11
    13.787 5.2967e+11
    13.799 5.3068e+11
    13.812 5.3168e+11
    13.824 5.3269e+11
    13.836 5.3369e+11
    13.849  5.347e+11
    13.861 5.3571e+11
    13.874 5.3672e+11
    13.886 5.3773e+11
    13.898 5.3874e+11
    13.911 5.3974e+11
    13.923 5.4075e+11
    13.936 5.4176e+11
    13.948 5.4277e+11
     13.96 5.4378e+11
    13.973 5.4479e+11
    13.985  5.458e+11
    13.997 5.4681e+11
     14.01 5.4783e+11
    14.022 5.4884e+11
    14.035 5.4985e+11
    14.047 5.5086e+11
    14.059 5.5188e+11
    14.072 5.5289e+11
    14.084 5.5391e+11
    14.097 5.5492e+11
    14.109 5.5594e+11
    14.121 5.5695e+11
    14.134 5.5797e+11
    14.146 5.5898e+11
    14.159    5.6e+11
    14.171 5.6102e+11
    14.183 5.6203e+11
    14.196 5.6305e+11
    14.208 5.6407e+11
    14.221 5.6509e+11
    14.233  5.661e+11
    14.245 5.6713e+11
    14.258 5.6815e+11
     14.27 5.6917e+11
    14.283 5.7019e+11
    14.295 5.7121e+11
    14.307 5.7223e+11
     14.32 5.7325e+11
    14.332 5.7427e+11
    14.345 5.7529e+11
    14.357 5.7631e+11
    14.369 5.7734e+11
    14.382 5.7836e+11
    14.394 5.7938e+11
    14.407 5.8041e+11
    14.419 5.8143e+11
    14.431 5.8246e+11
    14.444 5.8348e+11
    14.456 5.8451e+11
    14.469 5.8553e+11
    14.481 5.8655e+11
    14.493 5.8758e+11
    14.506 5.8861e+11
    14.518 5.8964e+11
    14.531 5.9066e+11
    14.543 5.9169e+11
    14.555 5.9272e+11
    14.568 5.9375e+11
     14.58 5.9477e+11
    14.593  5.958e+11
    14.605 5.9683e+11
    14.617 5.9786e+11
     14.63 5.9889e+11
    14.642 5.9992e+11
    14.655 6.0095e+11
    14.667 6.0198e+11
    14.679 6.0302e+11
    14.692 6.0405e+11
    14.704 6.0508e+11
    14.717 6.0611e+11
    14.729 6.0714e+11
    14.741 6.0818e+11
    14.754 6.0921e+11
    14.766 6.1024e+11
    14.779 6.1128e+11
    14.791 6.1231e+11
    14.803 6.1334e+11
    14.816 6.1438e+11
    14.828 6.1541e+11
    14.841 6.1645e+11
    14.853 6.1749e+11
    14.865 6.1852e+11
    14.878 6.1956e+11
     14.89 6.2059e+11
    14.903 6.2163e+11
    14.915 6.2267e+11
    14.927  6.237e+11
     14.94 6.2474e+11
    14.952 6.2578e+11
    14.965 6.2682e+11
    14.977 6.2786e+11
    14.989  6.289e+11
    15.002 6.2994e+11
    15.014 6.3098e+11
    15.027 6.3201e+11
    15.039 6.3305e+11
    15.051  6.341e+11
    15.064 6.3513e+11
    15.076 6.3618e+11
    15.089 6.3721e+11
    15.101 6.3826e+11
    15.113  6.393e+11
    15.126 6.4034e+11
    15.138 6.4138e+11
    15.151 6.4243e+11
    15.163 6.4347e+11
    15.175 6.4451e+11
    15.188 6.4556e+11
      15.2  6.466e+11
    15.213 6.4764e+11
    15.225 6.4869e+11
    15.237 6.4973e+11
     15.25 6.5078e+11
    15.262 6.5182e+11
    15.275 6.5287e+11
    15.287 6.5391e+11
    15.299 6.5496e+11
    15.312   6.56e+11
    15.324 6.5705e+11
    15.336  6.581e+11
    15.349 6.5914e+11
    15.361 6.6019e+11
    15.374 6.6124e+11
    15.386 6.6229e+11
    15.398 6.6333e+11
    15.411 6.6438e+11
    15.423 6.6543e+11
    15.436 6.6648e+11
    15.448 6.6753e+11
     15.46 6.6858e+11
    15.473 6.6962e+11
    15.485 6.7067e+11
    15.498 6.7172e+11
     15.51 6.7277e+11
    15.522 6.7383e+11
    15.535 6.7488e+11
    15.547 6.7592e+11
     15.56 6.7697e+11
    15.572 6.7803e+11
    15.584 6.7908e+11
    15.597 6.8013e+11
    15.609 6.8118e+11
    15.622 6.8223e+11
    15.634 6.8329e+11
    15.646 6.8434e+11
    15.659 6.8539e+11
    15.671 6.8645e+11
    15.684  6.875e+11
    15.696 6.8855e+11
    15.708 6.8961e+11
    15.721 6.9066e+11
    15.733 6.9171e+11
    15.746 6.9277e+11
    15.758 6.9382e+11
     15.77 6.9488e+11
    15.783 6.9593e+11
    15.795 6.9698e+11
    15.808 6.9804e+11
     15.82  6.991e+11
    15.832 7.0015e+11
    15.845 7.0121e+11
    15.857 7.0227e+11
     15.87 7.0333e+11
    15.882 7.0438e+11
    15.894 7.0544e+11
    15.907  7.065e+11
    15.919 7.0755e+11
    15.932 7.0861e+11
    15.944 7.0967e+11
    15.956 7.1072e+11
    15.969 7.1178e+11
    15.981 7.1284e+11
    15.994  7.139e+11
    16.006 7.1496e+11
    16.018 7.1602e+11
    16.031 7.1708e+11
    16.043 7.1814e+11
    16.056  7.192e+11
    16.068 7.2026e+11
     16.08 7.2132e+11
    16.093 7.2238e+11
    16.105 7.2344e+11
    16.118  7.245e+11
     16.13 7.2556e+11
    16.142 7.2662e+11
    16.155 7.2768e+11
    16.167 7.2874e+11
     16.18  7.298e+11
    16.192 7.3087e+11
    16.204 7.3193e+11
    16.217 7.3299e+11
    16.229 7.3405e+11
    16.242 7.3511e+11
    16.254 7.3617e+11
    16.266 7.3724e+11
    16.279  7.383e+11
    16.291 7.3936e+11
    16.304 7.4042e+11
    16.316 7.4149e+11
    16.328 7.4255e+11
    16.341 7.4362e+11
    16.353 7.4468e+11
    16.366 7.4574e+11
    16.378 7.4681e+11
     16.39 7.4787e+11
    16.403 7.4894e+11
    16.415    7.5e+11
    16.428 7.5107e+11
     16.44 7.5213e+11
    16.452  7.532e+11
    16.465 7.5426e+11
    16.477 7.5533e+11
     16.49 7.5639e+11
    16.502 7.5746e+11
    16.514 7.5852e+11
    16.527 7.5959e+11
    16.539 7.6066e+11
    16.552 7.6173e+11
    16.564 7.6279e+11
    16.576 7.6386e+11
    16.589 7.6492e+11
    16.601 7.6599e+11
    16.613 7.6706e+11
    16.626 7.6813e+11
    16.638 7.6919e+11
    16.651 7.7026e+11
    16.663 7.7133e+11
    16.675  7.724e+11
    16.688 7.7347e+11
      16.7 7.7453e+11
    16.713  7.756e+11
    16.725 7.7667e+11
    16.737 7.7774e+11
     16.75 7.7881e+11
    16.762 7.7988e+11
    16.775 7.8095e+11
    16.787 7.8201e+11
    16.799 7.8308e+11
    16.812 7.8415e+11
    16.824 7.8522e+11
    16.837 7.8629e+11
    16.849 7.8736e+11
    16.861 7.8843e+11
    16.874  7.895e+11
    16.886 7.9057e+11
    16.899 7.9165e+11
    16.911 7.9272e+11
    16.923 7.9378e+11
    16.936 7.9486e+11
    16.948 7.9593e+11
    16.961   7.97e+11
    16.973 7.9807e+11
    16.985 7.9914e+11
    16.998 8.0021e+11
     17.01 8.0128e+11
    17.023 8.0235e+11
    17.035 8.0343e+11
    17.047  8.045e+11
     17.06 8.0557e+11
    17.072 8.0664e+11
    17.085 8.0772e+11
    17.097 8.0878e+11
    17.109 8.0986e+11
    17.122 8.1093e+11
    17.134   8.12e+11
    17.147 8.1308e+11
    17.159 8.1415e+11
    17.171 8.1522e+11
    17.184  8.163e+11
    17.196 8.1737e+11
    17.209 8.1844e+11
    17.221 8.1952e+11
    17.233 8.2059e+11
    17.246 8.2166e+11
    17.258 8.2274e+11
    17.271 8.2381e+11
    17.283 8.2488e+11
    17.295 8.2596e+11
    17.308 8.2703e+11
     17.32 8.2811e+11
    17.333 8.2918e+11
    17.345 8.3025e+11
    17.357 8.3133e+11
     17.37  8.324e+11
    17.382 8.3348e+11
    17.395 8.3455e+11
    17.407 8.3563e+11
    17.419  8.367e+11
    17.432 8.3778e+11
    17.444 8.3885e+11
    17.457 8.3993e+11
    17.469 8.4101e+11
    17.481 8.4208e+11
    17.494 8.4316e+11
    17.506 8.4423e+11
    17.519 8.4531e+11
    17.531 8.4638e+11
    17.543 8.4746e+11
    17.556 8.4853e+11
    17.568 8.4961e+11
    17.581 8.5069e+11
    17.593 8.5176e+11
    17.605 8.5284e+11
    17.618 8.5392e+11
     17.63 8.5499e+11
    17.643 8.5607e+11
    17.655 8.5715e+11
    17.667 8.5822e+11
     17.68  8.593e+11
    17.692 8.6037e+11
    17.705 8.6145e+11
    17.717 8.6253e+11
    17.729  8.636e+11
    17.742 8.6468e+11
    17.754 8.6576e+11
    17.767 8.6684e+11
    17.779 8.6791e+11
    17.791 8.6899e+11
    17.804 8.7007e+11
    17.816 8.7115e+11
    17.829 8.7222e+11
    17.841  8.733e+11
    17.853 8.7438e+11
    17.866 8.7545e+11
    17.878 8.7654e+11
    17.891 8.7761e+11
    17.903 8.7869e+11
    17.915 8.7977e+11
    17.928 8.8085e+11
     17.94 8.8192e+11
    17.952   8.83e+11
    17.965 8.8408e+11
    17.977 8.8516e+11
     17.99 8.8624e+11
    18.002 8.8732e+11
    18.014 8.8839e+11
    18.027 8.8947e+11
    18.039 8.9055e+11
    18.052 8.9163e+11
    18.064 8.9271e+11
    18.076 8.9378e+11
    18.089 8.9487e+11
    18.101 8.9594e+11
    18.114 8.9702e+11
    18.126  8.981e+11
    18.138 8.9918e+11
    18.151 9.0026e+11
    18.163 9.0134e+11
    18.176 9.0242e+11
    18.188  9.035e+11
      18.2 9.0458e+11
    18.213 9.0565e+11
    18.225 9.0673e+11
    18.238 9.0781e+11
     18.25 9.0889e+11
    18.262 9.0997e+11
    18.275 9.1105e+11
    18.287 9.1213e+11
      18.3 9.1321e+11
    18.312 9.1429e+11
    18.324 9.1537e+11
    18.337 9.1645e+11
    18.349 9.1753e+11
    18.362  9.186e+11
    18.374 9.1969e+11
    18.386 9.2076e+11
    18.399 9.2185e+11
    18.411 9.2293e+11
    18.424   9.24e+11
    18.436 9.2509e+11
    18.448 9.2617e+11
    18.461 9.2724e+11
    18.473 9.2832e+11
    18.486  9.294e+11
    18.498 9.3049e+11
     18.51 9.3156e+11
    18.523 9.3264e+11
    18.535 9.3373e+11
    18.548  9.348e+11
     18.56 9.3588e+11
    18.572 9.3697e+11
    18.585 9.3804e+11
    18.597 9.3912e+11
     18.61  9.402e+11
    18.622 9.4128e+11
    18.634 9.4236e+11
    18.647 9.4345e+11
    18.659 9.4453e+11
    18.672 9.4561e+11
    18.684 9.4668e+11
    18.696 9.4777e+11
    18.709 9.4885e+11
    18.721 9.4993e+11
    18.734 9.5101e+11
    18.746 9.5209e+11
    18.758 9.5317e+11
    18.771 9.5424e+11
    18.783 9.5532e+11
    18.796 9.5641e+11
    18.808 9.5749e+11
     18.82 9.5857e+11
    18.833 9.5965e+11
    18.845 9.6073e+11
    18.858 9.6181e+11
     18.87 9.6289e+11
    18.882 9.6397e+11
    18.895 9.6505e+11
    18.907 9.6613e+11
     18.92 9.6721e+11
    18.932 9.6829e+11
    18.944 9.6937e+11
    18.957 9.7045e+11
    18.969 9.7153e+11
    18.982 9.7261e+11
    18.994 9.7369e+11
    19.006 9.7477e+11
    19.019 9.7586e+11
    19.031 9.7694e+11
    19.044 9.7802e+11
    19.056 9.7909e+11
    19.068 9.8017e+11
    19.081 9.8126e+11
    19.093 9.8234e+11
    19.106 9.8342e+11
    19.118  9.845e+11
     19.13 9.8558e+11
    19.143 9.8666e+11
    19.155 9.8774e+11
    19.168 9.8882e+11
     19.18  9.899e+11
    19.192 9.9097e+11
    19.205 9.9206e+11
    19.217 9.9314e+11
     19.23 9.9422e+11
    19.242  9.953e+11
    19.254 9.9638e+11
    19.267 9.9746e+11
    19.279 9.9854e+11
    19.291 9.9962e+11
    19.304 1.0007e+12
    19.316 1.0018e+12
    19.329 1.0029e+12
    19.341 1.0039e+12
    19.353  1.005e+12
    19.366 1.0061e+12
    19.378 1.0072e+12
    19.391 1.0083e+12
    19.403 1.0093e+12
    19.415 1.0104e+12
    19.428 1.0115e+12
     19.44 1.0126e+12
    19.453 1.0137e+12
    19.465 1.0147e+12
    19.477 1.0158e+12
     19.49 1.0169e+12
    19.502  1.018e+12
    19.515 1.0191e+12
    19.527 1.0201e+12
    19.539 1.0212e+12
    19.552 1.0223e+12
    19.564 1.0234e+12
    19.577 1.0245e+12
    19.589 1.0255e+12
    19.601 1.0266e+12
    19.614 1.0277e+12
    19.626 1.0288e+12
    19.639 1.0299e+12
    19.651 1.0309e+12
    19.663  1.032e+12
    19.676 1.0331e+12
    19.688 1.0342e+12
    19.701 1.0353e+12
    19.713 1.0363e+12
    19.725 1.0374e+12
    19.738 1.0385e+12
     19.75 1.0396e+12
    19.763 1.0406e+12
    19.775 1.0417e+12
    19.787 1.0428e+12
      19.8 1.0439e+12
    19.812  1.045e+12
    19.825  1.046e+12
    19.837 1.0471e+12
    19.849 1.0482e+12
    19.862 1.0493e+12
    19.874 1.0504e+12
    19.887 1.0514e+12
    19.899 1.0525e+12
    19.911 1.0536e+12
    19.924 1.0547e+12
    19.936 1.0558e+12
    19.949 1.0568e+12
    19.961 1.0579e+12
    19.973  1.059e+12
    19.986 1.0601e+12
    19.998 1.0611e+12
    20.011 1.0622e+12
    20.023 1.0633e+12
    20.035 1.0644e+12
    20.048 1.0655e+12
     20.06 1.0665e+12
    20.073 1.0676e+12
    20.085 1.0687e+12
    20.097 1.0698e+12
     20.11 1.0708e+12
    20.122 1.0719e+12
    20.135  1.073e+12
    20.147 1.0741e+12
    20.159 1.0752e+12
    20.172 1.0762e+12
    20.184 1.0773e+12
    20.197 1.0784e+12
    20.209 1.0795e+12
    20.221 1.0805e+12
    20.234 1.0816e+12
    20.246 1.0827e+12
    20.259 1.0838e+12
    20.271 1.0849e+12
    20.283 1.0859e+12
    20.296  1.087e+12
    20.308 1.0881e+12
    20.321 1.0892e+12
    20.333 1.0902e+12
    20.345 1.0913e+12
    20.358 1.0924e+12
     20.37 1.0935e+12
    20.383 1.0945e+12
    20.395 1.0956e+12
    20.407 1.0967e+12
     20.42 1.0978e+12
    20.432 1.0989e+12
    20.445 1.0999e+12
    20.457  1.101e+12
    20.469 1.1021e+12
    20.482 1.1032e+12
    20.494 1.1042e+12
    20.507 1.1053e+12
    20.519 1.1064e+12
    20.531 1.1075e+12
    20.544 1.1085e+12
    20.556 1.1096e+12
    20.569 1.1107e+12
    20.581 1.1118e+12
    20.593 1.1128e+12
    20.606 1.1139e+12
    20.618  1.115e+12
     20.63 1.1161e+12
    20.643 1.1171e+12
    20.655 1.1182e+12
    20.668 1.1193e+12
     20.68 1.1204e+12
    20.692 1.1214e+12
    20.705 1.1225e+12
    20.717 1.1236e+12
     20.73 1.1247e+12
    20.742 1.1257e+12
    20.754 1.1268e+12
    20.767 1.1279e+12
    20.779  1.129e+12
    20.792   1.13e+12
    20.804 1.1311e+12
    20.816 1.1322e+12
    20.829 1.1333e+12
    20.841 1.1343e+12
    20.854 1.1354e+12
    20.866 1.1365e+12
    20.878 1.1375e+12
    20.891 1.1386e+12
    20.903 1.1397e+12
    20.916 1.1408e+12
    20.928 1.1418e+12
     20.94 1.1429e+12
    20.953  1.144e+12
    20.965 1.1451e+12
    20.978 1.1461e+12
     20.99 1.1472e+12
    21.002 1.1483e+12
    21.015 1.1494e+12
    21.027 1.1504e+12
     21.04 1.1515e+12
    21.052 1.1526e+12
    21.064 1.1536e+12
    21.077 1.1547e+12
    21.089 1.1558e+12
    21.102 1.1569e+12
    21.114 1.1579e+12
    21.126  1.159e+12
    21.139 1.1601e+12
    21.151 1.1611e+12
    21.164 1.1622e+12
    21.176 1.1633e+12
    21.188 1.1644e+12
    21.201 1.1654e+12
    21.213 1.1665e+12
    21.226 1.1676e+12
    21.238 1.1686e+12
     21.25 1.1697e+12
    21.263 1.1708e+12
    21.275 1.1719e+12
    21.288 1.1729e+12
      21.3  1.174e+12
    21.312 1.1751e+12
    21.325 1.1761e+12
    21.337 1.1772e+12
     21.35 1.1783e+12
    21.362 1.1793e+12
    21.374 1.1804e+12
    21.387 1.1815e+12
    21.399 1.1826e+12
    21.412 1.1836e+12
    21.424 1.1847e+12
    21.436 1.1858e+12
    21.449 1.1868e+12
    21.461 1.1879e+12
    21.474  1.189e+12
    21.486   1.19e+12
    21.498 1.1911e+12
    21.511 1.1922e+12
    21.523 1.1932e+12
    21.536 1.1943e+12
    21.548 1.1954e+12
     21.56 1.1965e+12
    21.573 1.1975e+12
    21.585 1.1986e+12
    21.598 1.1997e+12
     21.61 1.2007e+12
    21.622 1.2018e+12
    21.635 1.2029e+12
    21.647 1.2039e+12
     21.66  1.205e+12
    21.672 1.2061e+12
    21.684 1.2071e+12
    21.697 1.2082e+12
    21.709 1.2093e+12
    21.722 1.2103e+12
    21.734 1.2114e+12
    21.746 1.2125e+12
    21.759 1.2135e+12
    21.771 1.2146e+12
    21.784 1.2157e+12
    21.796 1.2167e+12
    21.808 1.2178e+12
    21.821 1.2189e+12
    21.833 1.2199e+12
    21.846  1.221e+12
    21.858 1.2221e+12
     21.87 1.2231e+12
    21.883 1.2242e+12
    21.895 1.2253e+12
    21.908 1.2263e+12
     21.92 1.2274e+12
    21.932 1.2285e+12
    21.945 1.2295e+12
    21.957 1.2306e+12
    21.969 1.2317e+12
    21.982 1.2327e+12
    21.994 1.2338e+12
    22.007 1.2348e+12
    22.019 1.2359e+12
    22.031  1.237e+12
    22.044  1.238e+12
    22.056 1.2391e+12
    22.069 1.2402e+12
    22.081 1.2412e+12
    22.093 1.2423e+12
    22.106 1.2434e+12
    22.118 1.2444e+12
    22.131 1.2455e+12
    22.143 1.2465e+12
    22.155 1.2476e+12
    22.168 1.2487e+12
     22.18 1.2497e+12
    22.193 1.2508e+12
    22.205 1.2519e+12
    22.217 1.2529e+12
     22.23  1.254e+12
    22.242 1.2551e+12
    22.255 1.2561e+12
    22.267 1.2572e+12
    22.279 1.2582e+12
    22.292 1.2593e+12
    22.304 1.2603e+12
    22.317 1.2614e+12
    22.329 1.2625e+12
    22.341 1.2635e+12
    22.354 1.2646e+12
    22.366 1.2657e+12
    22.379 1.2667e+12
    22.391 1.2678e+12
    22.403 1.2688e+12
    22.416 1.2699e+12
    22.428  1.271e+12
    22.441  1.272e+12
    22.453 1.2731e+12
    22.465 1.2741e+12
    22.478 1.2752e+12
     22.49 1.2763e+12
    22.503 1.2773e+12
    22.515 1.2784e+12
    22.527 1.2794e+12
     22.54 1.2805e+12
    22.552 1.2816e+12
    22.565 1.2826e+12
    22.577 1.2837e+12
    22.589 1.2847e+12
    22.602 1.2858e+12
    22.614 1.2868e+12
    22.627 1.2879e+12
    22.639  1.289e+12
    22.651   1.29e+12
    22.664 1.2911e+12
    22.676 1.2921e+12
    22.689 1.2932e+12
    22.701 1.2943e+12
    22.713 1.2953e+12
    22.726 1.2964e+12
    22.738 1.2974e+12
    22.751 1.2985e+12
    22.763 1.2995e+12
    22.775 1.3006e+12
    22.788 1.3016e+12
      22.8 1.3027e+12
    22.813 1.3038e+12
    22.825 1.3048e+12
    22.837 1.3059e+12
     22.85 1.3069e+12
    22.862  1.308e+12
    22.875  1.309e+12
    22.887 1.3101e+12
    22.899 1.3111e+12
    22.912 1.3122e+12
    22.924 1.3133e+12
    22.937 1.3143e+12
    22.949 1.3154e+12
    22.961 1.3164e+12
    22.974 1.3175e+12
    22.986 1.3185e+12
    22.999 1.3196e+12
    23.011 1.3206e+12
    23.023 1.3217e+12
    23.036 1.3227e+12
    23.048 1.3238e+12
    23.061 1.3248e+12
    23.073 1.3259e+12
    23.085  1.327e+12
    23.098  1.328e+12
     23.11 1.3291e+12
    23.123 1.3301e+12
    23.135 1.3312e+12
    23.147 1.3322e+12
     23.16 1.3333e+12
    23.172 1.3343e+12
    23.185 1.3354e+12
    23.197 1.3364e+12
    23.209 1.3375e+12
    23.222 1.3385e+12
    23.234 1.3396e+12
    23.247 1.3406e+12
    23.259 1.3417e+12
    23.271 1.3427e+12
    23.284 1.3438e+12
    23.296 1.3448e+12
    23.308 1.3459e+12
    23.321 1.3469e+12
    23.333  1.348e+12
    23.346  1.349e+12
    23.358 1.3501e+12
     23.37 1.3511e+12
    23.383 1.3522e+12
    23.395 1.3532e+12
    23.408 1.3543e+12
     23.42 1.3553e+12
    23.432 1.3564e+12
    23.445 1.3574e+12
    23.457 1.3585e+12
     23.47 1.3595e+12
    23.482 1.3606e+12
    23.494 1.3616e+12
    23.507 1.3627e+12
    23.519 1.3637e+12
    23.532 1.3648e+12
    23.544 1.3658e+12
    23.556 1.3669e+12
    23.569 1.3679e+12
    23.581 1.3689e+12
    23.594   1.37e+12
    23.606  1.371e+12
    23.618 1.3721e+12
    23.631 1.3731e+12
    23.643 1.3742e+12
    23.656 1.3752e+12
    23.668 1.3763e+12
     23.68 1.3773e+12
    23.693 1.3784e+12
    23.705 1.3794e+12
    23.718 1.3804e+12
     23.73 1.3815e+12
    23.742 1.3825e+12
    23.755 1.3836e+12
    23.767 1.3846e+12
     23.78 1.3857e+12
    23.792 1.3867e+12
    23.804 1.3878e+12
    23.817 1.3888e+12
    23.829 1.3898e+12
    23.842 1.3909e+12
    23.854 1.3919e+12
    23.866  1.393e+12
    23.879  1.394e+12
    23.891 1.3951e+12
    23.904 1.3961e+12
    23.916 1.3971e+12
    23.928 1.3982e+12
    23.941 1.3992e+12
    23.953 1.4003e+12
    23.966 1.4013e+12
    23.978 1.4023e+12
     23.99 1.4034e+12
    24.003 1.4044e+12
    24.015 1.4055e+12
    24.028 1.4065e+12
     24.04 1.4076e+12
    24.052 1.4086e+12
    24.065 1.4096e+12
    24.077 1.4107e+12
     24.09 1.4117e+12
    24.102 1.4127e+12
    24.114 1.4138e+12
    24.127 1.4148e+12
    24.139 1.4159e+12
    24.152 1.4169e+12
    24.164  1.418e+12
    24.176  1.419e+12
    24.189   1.42e+12
    24.201 1.4211e+12
    24.214 1.4221e+12
    24.226 1.4231e+12
    24.238 1.4242e+12
    24.251 1.4252e+12
    24.263 1.4263e+12
    24.276 1.4273e+12
    24.288 1.4283e+12
      24.3 1.4294e+12
    24.313 1.4304e+12
    24.325 1.4314e+12
    24.338 1.4325e+12
     24.35 1.4335e+12
    24.362 1.4346e+12
    24.375 1.4356e+12
    24.387 1.4366e+12
      24.4 1.4377e+12
    24.412 1.4387e+12
    24.424 1.4397e+12
    24.437 1.4408e+12
    24.449 1.4418e+12
    24.462 1.4428e+12
    24.474 1.4439e+12
    24.486 1.4449e+12
    24.499 1.4459e+12
    24.511  1.447e+12
    24.524  1.448e+12
    24.536  1.449e+12
    24.548 1.4501e+12
    24.561 1.4511e+12
    24.573 1.4521e+12
    24.585 1.4532e+12
    24.598 1.4542e+12
     24.61 1.4552e+12
    24.623 1.4563e+12
    24.635 1.4573e+12
    24.647 1.4583e+12
     24.66 1.4594e+12
    24.672 1.4604e+12
    24.685 1.4614e+12
    24.697 1.4625e+12
    24.709 1.4635e+12
    24.722 1.4645e+12
    24.734 1.4656e+12
    24.747 1.4666e+12
    24.759 1.4676e+12
    24.771 1.4687e+12
    24.784 1.4697e+12
    24.796 1.4707e+12
    24.809 1.4717e+12
    24.821 1.4728e+12
    24.833 1.4738e+12
    24.846 1.4748e+12
    24.858 1.4759e+12
    24.871 1.4769e+12
    24.883 1.4779e+12
    24.895 1.4789e+12
    24.908   1.48e+12
     24.92  1.481e+12
    24.933  1.482e+12
    24.945 1.4831e+12
    24.957 1.4841e+12
     24.97 1.4851e+12
    24.982 1.4861e+12
    24.995 1.4872e+12
    25.007 1.4882e+12
    25.019 1.4892e+12
    25.032 1.4903e+12
    25.044 1.4913e+12
    25.057 1.4923e+12
    25.069 1.4933e+12
    25.081 1.4944e+12
    25.094 1.4954e+12
    25.106 1.4964e+12
    25.119 1.4974e+12
    25.131 1.4985e+12
    25.143 1.4995e+12
    25.156 1.5005e+12
    25.168 1.5015e+12
    25.181 1.5026e+12
    25.193 1.5036e+12
    25.205 1.5046e+12
    25.218 1.5056e+12
     25.23 1.5067e+12
    25.243 1.5077e+12
    25.255 1.5087e+12
    25.267 1.5097e+12
     25.28 1.5108e+12
    25.292 1.5118e+12
    25.305 1.5128e+12
    25.317 1.5138e+12
    25.329 1.5148e+12
    25.342 1.5159e+12
    25.354 1.5169e+12
    25.367 1.5179e+12
    25.379 1.5189e+12
    25.391 1.5199e+12
    25.404  1.521e+12
    25.416  1.522e+12
    25.429  1.523e+12
    25.441  1.524e+12
    25.453  1.525e+12
    25.466 1.5261e+12
    25.478 1.5271e+12
    25.491 1.5281e+12
    25.503 1.5291e+12
    25.515 1.5302e+12
    25.528 1.5312e+12
     25.54 1.5322e+12
    25.553 1.5332e+12
    25.565 1.5342e+12
    25.577 1.5352e+12
     25.59 1.5363e+12
    25.602 1.5373e+12
    25.615 1.5383e+12
    25.627 1.5393e+12
    25.639 1.5403e+12
    25.652 1.5413e+12
    25.664 1.5424e+12
    25.677 1.5434e+12
    25.689 1.5444e+12
    25.701 1.5454e+12
    25.714 1.5464e+12
    25.726 1.5475e+12
    25.739 1.5485e+12
    25.751 1.5495e+12
    25.763 1.5505e+12
    25.776 1.5515e+12
    25.788 1.5525e+12
    25.801 1.5535e+12
    25.813 1.5546e+12
    25.825 1.5556e+12
    25.838 1.5566e+12
     25.85 1.5576e+12
    25.863 1.5586e+12
    25.875 1.5596e+12
    25.887 1.5606e+12
      25.9 1.5617e+12
    25.912 1.5627e+12
    25.924 1.5637e+12
    25.937 1.5647e+12
    25.949 1.5657e+12
    25.962 1.5667e+12
    25.974 1.5677e+12
    25.986 1.5687e+12
    25.999 1.5698e+12
    26.011 1.5708e+12
    26.024 1.5718e+12
    26.036 1.5728e+12
    26.048 1.5738e+12
    26.061 1.5748e+12
    26.073 1.5758e+12
    26.086 1.5768e+12
    26.098 1.5778e+12
     26.11 1.5789e+12
    26.123 1.5799e+12
    26.135 1.5809e+12
    26.148 1.5819e+12
     26.16 1.5829e+12
    26.172 1.5839e+12
    26.185 1.5849e+12
    26.197 1.5859e+12
     26.21 1.5869e+12
    26.222 1.5879e+12
    26.234 1.5889e+12
    26.247   1.59e+12
    26.259  1.591e+12
    26.272  1.592e+12
    26.284  1.593e+12
    26.296  1.594e+12
    26.309  1.595e+12
    26.321  1.596e+12
    26.334  1.597e+12
    26.346  1.598e+12
    26.358  1.599e+12
    26.371    1.6e+12
    26.383  1.601e+12
    26.396  1.602e+12
    26.408  1.603e+12
     26.42  1.604e+12
    26.433 1.6051e+12
    26.445 1.6061e+12
    26.458 1.6071e+12
     26.47 1.6081e+12
    26.482 1.6091e+12
    26.495 1.6101e+12
    26.507 1.6111e+12
     26.52 1.6121e+12
    26.532 1.6131e+12
    26.544 1.6141e+12
    26.557 1.6151e+12
    26.569 1.6161e+12
    26.582 1.6171e+12
    26.594 1.6181e+12
    26.606 1.6191e+12
    26.619 1.6201e+12
    26.631 1.6211e+12
    26.644 1.6221e+12
    26.656 1.6231e+12
    26.668 1.6241e+12
    26.681 1.6251e+12
    26.693 1.6261e+12
    26.706 1.6271e+12
    26.718 1.6281e+12
     26.73 1.6291e+12
    26.743 1.6301e+12
    26.755 1.6311e+12
    26.768 1.6321e+12
     26.78 1.6331e+12
    26.792 1.6341e+12
    26.805 1.6351e+12
    26.817 1.6361e+12
     26.83 1.6371e+12
    26.842 1.6381e+12
    26.854 1.6391e+12
    26.867 1.6401e+12
    26.879 1.6411e+12
    26.892 1.6421e+12
    26.904 1.6431e+12
    26.916 1.6441e+12
    26.929 1.6451e+12
    26.941 1.6461e+12
    26.954 1.6471e+12
    26.966 1.6481e+12
    26.978 1.6491e+12
    26.991 1.6501e+12
    27.003 1.6511e+12
    27.016 1.6521e+12
    27.028 1.6531e+12
     27.04  1.654e+12
    27.053  1.655e+12
    27.065  1.656e+12
    27.078  1.657e+12
     27.09  1.658e+12
    27.102  1.659e+12
    27.115   1.66e+12
    27.127  1.661e+12
     27.14  1.662e+12
    27.152  1.663e+12
    27.164  1.664e+12
    27.177  1.665e+12
    27.189  1.666e+12
    27.202  1.667e+12
    27.214  1.668e+12
    27.226  1.669e+12
    27.239 1.6699e+12
    27.251 1.6709e+12
    27.263 1.6719e+12
    27.276 1.6729e+12
    27.288 1.6739e+12
    27.301 1.6749e+12
    27.313 1.6759e+12
    27.325 1.6769e+12
    27.338 1.6779e+12
     27.35 1.6789e+12
    27.363 1.6799e+12
    27.375 1.6808e+12
    27.387 1.6818e+12
      27.4 1.6828e+12
    27.412 1.6838e+12
    27.425 1.6848e+12
    27.437 1.6858e+12
    27.449 1.6868e+12
    27.462 1.6878e+12
    27.474 1.6888e+12
    27.487 1.6897e+12
    27.499 1.6907e+12
    27.511 1.6917e+12
    27.524 1.6927e+12
    27.536 1.6937e+12
    27.549 1.6947e+12
    27.561 1.6957e+12
    27.573 1.6966e+12
    27.586 1.6976e+12
    27.598 1.6986e+12
    27.611 1.6996e+12
    27.623 1.7006e+12
    27.635 1.7016e+12
    27.648 1.7026e+12
     27.66 1.7035e+12
    27.673 1.7045e+12
    27.685 1.7055e+12
    27.697 1.7065e+12
     27.71 1.7075e+12
    27.722 1.7085e+12
    27.735 1.7094e+12
    27.747 1.7104e+12
    27.759 1.7114e+12
    27.772 1.7124e+12
    27.784 1.7134e+12
    27.797 1.7144e+12
    27.809 1.7153e+12
    27.821 1.7163e+12
    27.834 1.7173e+12
    27.846 1.7183e+12
    27.859 1.7193e+12
    27.871 1.7202e+12
    27.883 1.7212e+12
    27.896 1.7222e+12
    27.908 1.7232e+12
    27.921 1.7242e+12
    27.933 1.7251e+12
    27.945 1.7261e+12
    27.958 1.7271e+12
     27.97 1.7281e+12
    27.983 1.7291e+12
    27.995   1.73e+12
    28.007  1.731e+12
     28.02  1.732e+12
    28.032  1.733e+12
    28.045  1.734e+12
    28.057 1.7349e+12
    28.069 1.7359e+12
    28.082 1.7369e+12
    28.094 1.7379e+12
    28.107 1.7388e+12
    28.119 1.7398e+12
    28.131 1.7408e+12
    28.144 1.7418e+12
    28.156 1.7428e+12
    28.169 1.7437e+12
    28.181 1.7447e+12
    28.193 1.7457e+12
    28.206 1.7467e+12
    28.218 1.7476e+12
    28.231 1.7486e+12
    28.243 1.7496e+12
    28.255 1.7506e+12
    28.268 1.7515e+12
     28.28 1.7525e+12
    28.293 1.7535e+12
    28.305 1.7544e+12
    28.317 1.7554e+12
     28.33 1.7564e+12
    28.342 1.7574e+12
    28.355 1.7583e+12
    28.367 1.7593e+12
    28.379 1.7603e+12
    28.392 1.7613e+12
    28.404 1.7622e+12
    28.417 1.7632e+12
    28.429 1.7642e+12
    28.441 1.7651e+12
    28.454 1.7661e+12
    28.466 1.7671e+12
    28.479 1.7681e+12
    28.491  1.769e+12
    28.503   1.77e+12
    28.516  1.771e+12
    28.528 1.7719e+12
    28.541 1.7729e+12
    28.553 1.7739e+12
    28.565 1.7748e+12
    28.578 1.7758e+12
     28.59 1.7768e+12
    28.602 1.7778e+12
    28.615 1.7787e+12
    28.627 1.7797e+12
     28.64 1.7806e+12
    28.652 1.7816e+12
    28.664 1.7826e+12
    28.677 1.7836e+12
    28.689 1.7845e+12
    28.702 1.7855e+12
    28.714 1.7865e+12
    28.726 1.7874e+12
    28.739 1.7884e+12
    28.751 1.7894e+12
    28.764 1.7903e+12
    28.776 1.7913e+12
    28.788 1.7922e+12
    28.801 1.7932e+12
    28.813 1.7942e+12
    28.826 1.7951e+12
    28.838 1.7961e+12
     28.85 1.7971e+12
    28.863  1.798e+12
    28.875  1.799e+12
    28.888    1.8e+12
      28.9 1.8009e+12
    28.912 1.8019e+12
    28.925 1.8029e+12
    28.937 1.8038e+12
     28.95 1.8048e+12
    28.962 1.8057e+12
    28.974 1.8067e+12
    28.987 1.8077e+12
    28.999 1.8086e+12
    29.012 1.8096e+12
    29.024 1.8105e+12
    29.036 1.8115e+12
    29.049 1.8125e+12
    29.061 1.8134e+12
    29.074 1.8144e+12
    29.086 1.8154e+12
    29.098 1.8163e+12
    29.111 1.8173e+12
    29.123 1.8182e+12
    29.136 1.8192e+12
    29.148 1.8201e+12
     29.16 1.8211e+12
    29.173 1.8221e+12
    29.185  1.823e+12
    29.198  1.824e+12
     29.21 1.8249e+12
    29.222 1.8259e+12
    29.235 1.8269e+12
    29.247 1.8278e+12
     29.26 1.8288e+12
    29.272 1.8297e+12
    29.284 1.8307e+12
    29.297 1.8316e+12
    29.309 1.8326e+12
    29.322 1.8335e+12
    29.334 1.8345e+12
    29.346 1.8355e+12
    29.359 1.8364e+12
    29.371 1.8374e+12
    29.384 1.8383e+12
    29.396 1.8393e+12
    29.408 1.8402e+12
    29.421 1.8412e+12
    29.433 1.8421e+12
    29.446 1.8431e+12
    29.458  1.844e+12
     29.47  1.845e+12
    29.483  1.846e+12
    29.495 1.8469e+12
    29.508 1.8479e+12
     29.52 1.8488e+12
    29.532 1.8498e+12
    29.545 1.8507e+12
    29.557 1.8517e+12
     29.57 1.8526e+12
    29.582 1.8536e+12
    29.594 1.8545e+12
    29.607 1.8555e+12
    29.619 1.8564e+12
    29.632 1.8574e+12
    29.644 1.8583e+12
    29.656 1.8593e+12
    29.669 1.8602e+12
    29.681 1.8612e+12
    29.694 1.8621e+12
    29.706 1.8631e+12
    29.718  1.864e+12
    29.731  1.865e+12
    29.743 1.8659e+12
    29.756 1.8669e+12
    29.768 1.8678e+12
     29.78 1.8688e+12
    29.793 1.8697e+12
    29.805 1.8706e+12
    29.818 1.8716e+12
     29.83 1.8725e+12
    29.842 1.8735e+12
    29.855 1.8744e+12
    29.867 1.8754e+12
     29.88 1.8763e+12
    29.892 1.8773e+12
    29.904 1.8782e+12
    29.917 1.8792e+12
    29.929 1.8801e+12
    29.941 1.8811e+12
    29.954  1.882e+12
    29.966 1.8829e+12
    29.979 1.8839e+12
    29.991 1.8848e+12
    30.003 1.8858e+12
