RRKM rate, sf=0.970, S*=-14.73, E0=0.85 and Delta=0.00
   En (eV)    k (s-1)
         0          0
  0.012398          0
  0.024796          0
  0.037194          0
  0.049593          0
  0.061991          0
  0.074389          0
  0.086787          0
  0.099185          0
   0.11158          0
   0.12398          0
   0.13638          0
   0.14878          0
   0.16118          0
   0.17357          0
   0.18597          0
   0.19837          0
   0.21077          0
   0.22317          0
   0.23556          0
   0.24796          0
   0.26036          0
   0.27276          0
   0.28516          0
   0.29756          0
   0.30995          0
   0.32235          0
   0.33475          0
   0.34715          0
   0.35955          0
   0.37194          0
   0.38434          0
   0.39674          0
   0.40914          0
   0.42154          0
   0.43393          0
   0.44633          0
   0.45873          0
   0.47113          0
   0.48353          0
   0.49593          0
   0.50832          0
   0.52072          0
   0.53312          0
   0.54552          0
   0.55792          0
   0.57031          0
   0.58271          0
   0.59511          0
   0.60751          0
   0.61991          0
    0.6323          0
    0.6447          0
    0.6571          0
    0.6695          0
    0.6819          0
    0.6943          0
   0.70669          0
   0.71909          0
   0.73149          0
   0.74389          0
   0.75629          0
   0.76868          0
   0.78108          0
   0.79348          0
   0.80588          0
   0.81828          0
   0.83067          0
   0.84307          0
   0.85547     6.8543
   0.86787     16.069
   0.88027     37.731
   0.89267     65.731
   0.90506     108.38
   0.91746     168.42
   0.92986      252.5
   0.94226     370.56
   0.95466     526.64
   0.96705     737.06
   0.97945     1004.8
   0.99185     1352.1
    1.0042     1786.8
    1.0166       2334
     1.029     3010.1
    1.0414     3842.7
    1.0538     4856.7
    1.0662     6082.4
    1.0786     7555.5
     1.091     9310.3
    1.1034      11394
    1.1158      13848
    1.1282      16730
    1.1406      20092
     1.153      24000
    1.1654      28519
    1.1778      33727
    1.1902      39702
    1.2026      46534
     1.215      54317
    1.2274      63154
    1.2398      73158
    1.2522      84445
    1.2646      97147
     1.277  1.114e+05
    1.2894 1.2734e+05
    1.3018 1.4515e+05
    1.3142 1.6497e+05
    1.3266 1.8699e+05
     1.339  2.114e+05
    1.3514 2.3839e+05
    1.3638 2.6819e+05
    1.3762 3.0101e+05
    1.3886  3.371e+05
     1.401  3.767e+05
    1.4134 4.2008e+05
    1.4258 4.6751e+05
    1.4382 5.1929e+05
    1.4506 5.7573e+05
     1.463 6.3714e+05
    1.4754 7.0388e+05
    1.4878 7.7628e+05
    1.5002 8.5472e+05
    1.5126 9.3958e+05
     1.525 1.0313e+06
    1.5374 1.1302e+06
    1.5498 1.2369e+06
    1.5622 1.3516e+06
    1.5746  1.475e+06
     1.587 1.6076e+06
    1.5994 1.7497e+06
    1.6118  1.902e+06
    1.6242 2.0651e+06
    1.6366 2.2394e+06
     1.649 2.4256e+06
    1.6613 2.6243e+06
    1.6737 2.8361e+06
    1.6861 3.0618e+06
    1.6985 3.3019e+06
    1.7109 3.5571e+06
    1.7233 3.8283e+06
    1.7357 4.1161e+06
    1.7481 4.4213e+06
    1.7605 4.7448e+06
    1.7729 5.0872e+06
    1.7853 5.4495e+06
    1.7977 5.8325e+06
    1.8101 6.2371e+06
    1.8225 6.6643e+06
    1.8349 7.1149e+06
    1.8473 7.5899e+06
    1.8597 8.0904e+06
    1.8721 8.6172e+06
    1.8845 9.1715e+06
    1.8969 9.7543e+06
    1.9093 1.0367e+07
    1.9217  1.101e+07
    1.9341 1.1685e+07
    1.9465 1.2393e+07
    1.9589 1.3135e+07
    1.9713 1.3913e+07
    1.9837 1.4727e+07
    1.9961  1.558e+07
    2.0085 1.6471e+07
    2.0209 1.7404e+07
    2.0333 1.8378e+07
    2.0457 1.9395e+07
    2.0581 2.0458e+07
    2.0705 2.1566e+07
    2.0829 2.2722e+07
    2.0953 2.3927e+07
    2.1077 2.5183e+07
    2.1201 2.6491e+07
    2.1325 2.7853e+07
    2.1449  2.927e+07
    2.1573 3.0744e+07
    2.1697 3.2277e+07
    2.1821  3.387e+07
    2.1945 3.5525e+07
    2.2069 3.7244e+07
    2.2193 3.9029e+07
    2.2317 4.0881e+07
    2.2441 4.2802e+07
    2.2565 4.4794e+07
    2.2689 4.6859e+07
    2.2813 4.8999e+07
    2.2937 5.1216e+07
    2.3061 5.3511e+07
    2.3185 5.5887e+07
    2.3308 5.8346e+07
    2.3432  6.089e+07
    2.3556  6.352e+07
     2.368  6.624e+07
    2.3804  6.905e+07
    2.3928 7.1954e+07
    2.4052 7.4953e+07
    2.4176 7.8049e+07
      2.43 8.1246e+07
    2.4424 8.4544e+07
    2.4548 8.7947e+07
    2.4672 9.1457e+07
    2.4796 9.5075e+07
     2.492 9.8805e+07
    2.5044 1.0265e+08
    2.5168 1.0661e+08
    2.5292 1.1069e+08
    2.5416 1.1489e+08
     2.554 1.1921e+08
    2.5664 1.2366e+08
    2.5788 1.2824e+08
    2.5912 1.3295e+08
    2.6036 1.3779e+08
     2.616 1.4277e+08
    2.6284 1.4789e+08
    2.6408 1.5315e+08
    2.6532 1.5856e+08
    2.6656 1.6411e+08
     2.678 1.6981e+08
    2.6904 1.7566e+08
    2.7028 1.8167e+08
    2.7152 1.8784e+08
    2.7276 1.9417e+08
      2.74 2.0066e+08
    2.7524 2.0733e+08
    2.7648 2.1416e+08
    2.7772 2.2116e+08
    2.7896 2.2834e+08
     2.802 2.3569e+08
    2.8144 2.4323e+08
    2.8268 2.5095e+08
    2.8392 2.5886e+08
    2.8516 2.6696e+08
     2.864 2.7526e+08
    2.8764 2.8375e+08
    2.8888 2.9244e+08
    2.9012 3.0133e+08
    2.9136 3.1043e+08
     2.926 3.1975e+08
    2.9384 3.2927e+08
    2.9508 3.3901e+08
    2.9632 3.4896e+08
    2.9756 3.5914e+08
     2.988 3.6955e+08
    3.0003 3.8018e+08
    3.0127 3.9104e+08
    3.0251 4.0215e+08
    3.0375 4.1349e+08
    3.0499 4.2507e+08
    3.0623 4.3689e+08
    3.0747 4.4897e+08
    3.0871  4.613e+08
    3.0995 4.7388e+08
    3.1119 4.8672e+08
    3.1243 4.9983e+08
    3.1367  5.132e+08
    3.1491 5.2684e+08
    3.1615 5.4076e+08
    3.1739 5.5495e+08
    3.1863 5.6942e+08
    3.1987 5.8417e+08
    3.2111 5.9921e+08
    3.2235 6.1454e+08
    3.2359 6.3017e+08
    3.2483 6.4609e+08
    3.2607 6.6232e+08
    3.2731 6.7885e+08
    3.2855 6.9569e+08
    3.2979 7.1284e+08
    3.3103 7.3031e+08
    3.3227 7.4809e+08
    3.3351 7.6621e+08
    3.3475 7.8464e+08
    3.3599 8.0341e+08
    3.3723 8.2251e+08
    3.3847 8.4196e+08
    3.3971 8.6174e+08
    3.4095 8.8187e+08
    3.4219 9.0235e+08
    3.4343 9.2318e+08
    3.4467 9.4436e+08
    3.4591 9.6592e+08
    3.4715 9.8783e+08
    3.4839 1.0101e+09
    3.4963 1.0328e+09
    3.5087 1.0558e+09
    3.5211 1.0792e+09
    3.5335  1.103e+09
    3.5459 1.1272e+09
    3.5583 1.1518e+09
    3.5707 1.1767e+09
    3.5831 1.2021e+09
    3.5955 1.2279e+09
    3.6079  1.254e+09
    3.6203 1.2806e+09
    3.6327 1.3076e+09
    3.6451 1.3351e+09
    3.6574 1.3629e+09
    3.6698 1.3912e+09
    3.6822 1.4199e+09
    3.6946  1.449e+09
     3.707 1.4786e+09
    3.7194 1.5086e+09
    3.7318 1.5391e+09
    3.7442   1.57e+09
    3.7566 1.6014e+09
     3.769 1.6332e+09
    3.7814 1.6655e+09
    3.7938 1.6982e+09
    3.8062 1.7314e+09
    3.8186 1.7651e+09
     3.831 1.7993e+09
    3.8434  1.834e+09
    3.8558 1.8691e+09
    3.8682 1.9047e+09
    3.8806 1.9409e+09
     3.893 1.9775e+09
    3.9054 2.0146e+09
    3.9178 2.0522e+09
    3.9302 2.0904e+09
    3.9426  2.129e+09
     3.955 2.1682e+09
    3.9674 2.2079e+09
    3.9798 2.2481e+09
    3.9922 2.2888e+09
    4.0046 2.3301e+09
     4.017 2.3719e+09
    4.0294 2.4143e+09
    4.0418 2.4572e+09
    4.0542 2.5006e+09
    4.0666 2.5447e+09
     4.079 2.5892e+09
    4.0914 2.6343e+09
    4.1038   2.68e+09
    4.1162 2.7263e+09
    4.1286 2.7731e+09
     4.141 2.8205e+09
    4.1534 2.8685e+09
    4.1658 2.9171e+09
    4.1782 2.9662e+09
    4.1906  3.016e+09
     4.203 3.0663e+09
    4.2154 3.1173e+09
    4.2278 3.1689e+09
    4.2402  3.221e+09
    4.2526 3.2738e+09
     4.265 3.3272e+09
    4.2774 3.3812e+09
    4.2898 3.4359e+09
    4.3022 3.4911e+09
    4.3146  3.547e+09
    4.3269 3.6036e+09
    4.3393 3.6607e+09
    4.3517 3.7186e+09
    4.3641  3.777e+09
    4.3765 3.8362e+09
    4.3889 3.8959e+09
    4.4013 3.9564e+09
    4.4137 4.0175e+09
    4.4261 4.0793e+09
    4.4385 4.1417e+09
    4.4509 4.2048e+09
    4.4633 4.2686e+09
    4.4757 4.3331e+09
    4.4881 4.3982e+09
    4.5005 4.4641e+09
    4.5129 4.5306e+09
    4.5253 4.5979e+09
    4.5377 4.6658e+09
    4.5501 4.7345e+09
    4.5625 4.8038e+09
    4.5749 4.8739e+09
    4.5873 4.9447e+09
    4.5997 5.0162e+09
    4.6121 5.0884e+09
    4.6245 5.1614e+09
    4.6369 5.2351e+09
    4.6493 5.3096e+09
    4.6617 5.3847e+09
    4.6741 5.4606e+09
    4.6865 5.5373e+09
    4.6989 5.6148e+09
    4.7113 5.6929e+09
    4.7237 5.7718e+09
    4.7361 5.8515e+09
    4.7485  5.932e+09
    4.7609 6.0132e+09
    4.7733 6.0952e+09
    4.7857  6.178e+09
    4.7981 6.2615e+09
    4.8105 6.3459e+09
    4.8229  6.431e+09
    4.8353 6.5169e+09
    4.8477 6.6036e+09
    4.8601 6.6912e+09
    4.8725 6.7795e+09
    4.8849 6.8686e+09
    4.8973 6.9585e+09
    4.9097 7.0493e+09
    4.9221 7.1409e+09
    4.9345 7.2332e+09
    4.9469 7.3264e+09
    4.9593 7.4205e+09
    4.9717 7.5153e+09
     4.984  7.611e+09
    4.9964 7.7075e+09
    5.0088 7.8049e+09
    5.0212 7.9031e+09
    5.0336 8.0022e+09
     5.046 8.1021e+09
    5.0584 8.2029e+09
    5.0708 8.3045e+09
    5.0832  8.407e+09
    5.0956 8.5104e+09
     5.108 8.6146e+09
    5.1204 8.7197e+09
    5.1328 8.8257e+09
    5.1452 8.9325e+09
    5.1576 9.0403e+09
      5.17 9.1489e+09
    5.1824 9.2584e+09
    5.1948 9.3688e+09
    5.2072 9.4801e+09
    5.2196 9.5923e+09
     5.232 9.7053e+09
    5.2444 9.8193e+09
    5.2568 9.9342e+09
    5.2692  1.005e+10
    5.2816 1.0167e+10
     5.294 1.0284e+10
    5.3064 1.0403e+10
    5.3188 1.0523e+10
    5.3312 1.0643e+10
    5.3436 1.0764e+10
     5.356 1.0887e+10
    5.3684  1.101e+10
    5.3808 1.1134e+10
    5.3932 1.1259e+10
    5.4056 1.1385e+10
     5.418 1.1512e+10
    5.4304  1.164e+10
    5.4428 1.1769e+10
    5.4552 1.1899e+10
    5.4676  1.203e+10
      5.48 1.2161e+10
    5.4924 1.2294e+10
    5.5048 1.2428e+10
    5.5172 1.2563e+10
    5.5296 1.2698e+10
     5.542 1.2835e+10
    5.5544 1.2973e+10
    5.5668 1.3111e+10
    5.5792 1.3251e+10
    5.5916 1.3391e+10
     5.604 1.3533e+10
    5.6164 1.3676e+10
    5.6288 1.3819e+10
    5.6412 1.3964e+10
    5.6535  1.411e+10
    5.6659 1.4256e+10
    5.6783 1.4404e+10
    5.6907 1.4552e+10
    5.7031 1.4702e+10
    5.7155 1.4853e+10
    5.7279 1.5004e+10
    5.7403 1.5157e+10
    5.7527 1.5311e+10
    5.7651 1.5466e+10
    5.7775 1.5622e+10
    5.7899 1.5778e+10
    5.8023 1.5936e+10
    5.8147 1.6095e+10
    5.8271 1.6255e+10
    5.8395 1.6416e+10
    5.8519 1.6578e+10
    5.8643 1.6741e+10
    5.8767 1.6906e+10
    5.8891 1.7071e+10
    5.9015 1.7237e+10
    5.9139 1.7404e+10
    5.9263 1.7573e+10
    5.9387 1.7742e+10
    5.9511 1.7913e+10
    5.9635 1.8085e+10
    5.9759 1.8257e+10
    5.9883 1.8431e+10
    6.0007 1.8606e+10
    6.0131 1.8782e+10
    6.0255 1.8959e+10
    6.0379 1.9137e+10
    6.0503 1.9316e+10
    6.0627 1.9496e+10
    6.0751 1.9678e+10
    6.0875  1.986e+10
    6.0999 2.0044e+10
    6.1123 2.0229e+10
    6.1247 2.0414e+10
    6.1371 2.0601e+10
    6.1495 2.0789e+10
    6.1619 2.0978e+10
    6.1743 2.1169e+10
    6.1867  2.136e+10
    6.1991 2.1552e+10
    6.2115 2.1746e+10
    6.2239 2.1941e+10
    6.2363 2.2137e+10
    6.2487 2.2333e+10
    6.2611 2.2531e+10
    6.2735 2.2731e+10
    6.2859 2.2931e+10
    6.2983 2.3132e+10
    6.3107 2.3335e+10
     6.323 2.3539e+10
    6.3354 2.3744e+10
    6.3478  2.395e+10
    6.3602 2.4157e+10
    6.3726 2.4365e+10
     6.385 2.4575e+10
    6.3974 2.4785e+10
    6.4098 2.4997e+10
    6.4222  2.521e+10
    6.4346 2.5424e+10
     6.447 2.5639e+10
    6.4594 2.5856e+10
    6.4718 2.6073e+10
    6.4842 2.6292e+10
    6.4966 2.6512e+10
     6.509 2.6733e+10
    6.5214 2.6955e+10
    6.5338 2.7179e+10
    6.5462 2.7403e+10
    6.5586 2.7629e+10
     6.571 2.7856e+10
    6.5834 2.8084e+10
    6.5958 2.8313e+10
    6.6082 2.8544e+10
    6.6206 2.8775e+10
     6.633 2.9008e+10
    6.6454 2.9242e+10
    6.6578 2.9477e+10
    6.6702 2.9714e+10
    6.6826 2.9951e+10
     6.695  3.019e+10
    6.7074  3.043e+10
    6.7198 3.0672e+10
    6.7322 3.0914e+10
    6.7446 3.1157e+10
     6.757 3.1402e+10
    6.7694 3.1648e+10
    6.7818 3.1896e+10
    6.7942 3.2144e+10
    6.8066 3.2394e+10
     6.819 3.2644e+10
    6.8314 3.2896e+10
    6.8438  3.315e+10
    6.8562 3.3404e+10
    6.8686  3.366e+10
     6.881 3.3917e+10
    6.8934 3.4175e+10
    6.9058 3.4434e+10
    6.9182 3.4695e+10
    6.9306 3.4957e+10
     6.943  3.522e+10
    6.9554 3.5484e+10
    6.9678 3.5749e+10
    6.9801 3.6016e+10
    6.9925 3.6284e+10
    7.0049 3.6553e+10
    7.0173 3.6824e+10
    7.0297 3.7095e+10
    7.0421 3.7368e+10
    7.0545 3.7642e+10
    7.0669 3.7918e+10
    7.0793 3.8194e+10
    7.0917 3.8472e+10
    7.1041 3.8751e+10
    7.1165 3.9032e+10
    7.1289 3.9313e+10
    7.1413 3.9596e+10
    7.1537  3.988e+10
    7.1661 4.0165e+10
    7.1785 4.0452e+10
    7.1909  4.074e+10
    7.2033 4.1029e+10
    7.2157 4.1319e+10
    7.2281 4.1611e+10
    7.2405 4.1904e+10
    7.2529 4.2198e+10
    7.2653 4.2493e+10
    7.2777  4.279e+10
    7.2901 4.3087e+10
    7.3025 4.3387e+10
    7.3149 4.3687e+10
    7.3273 4.3989e+10
    7.3397 4.4292e+10
    7.3521 4.4596e+10
    7.3645 4.4901e+10
    7.3769 4.5208e+10
    7.3893 4.5516e+10
    7.4017 4.5825e+10
    7.4141 4.6136e+10
    7.4265 4.6448e+10
    7.4389 4.6761e+10
    7.4513 4.7075e+10
    7.4637 4.7391e+10
    7.4761 4.7707e+10
    7.4885 4.8026e+10
    7.5009 4.8345e+10
    7.5133 4.8666e+10
    7.5257 4.8988e+10
    7.5381 4.9311e+10
    7.5505 4.9636e+10
    7.5629 4.9961e+10
    7.5753 5.0289e+10
    7.5877 5.0617e+10
    7.6001 5.0947e+10
    7.6125 5.1278e+10
    7.6249  5.161e+10
    7.6373 5.1943e+10
    7.6496 5.2278e+10
     7.662 5.2614e+10
    7.6744 5.2952e+10
    7.6868  5.329e+10
    7.6992  5.363e+10
    7.7116 5.3972e+10
     7.724 5.4314e+10
    7.7364 5.4658e+10
    7.7488 5.5003e+10
    7.7612  5.535e+10
    7.7736 5.5697e+10
     7.786 5.6046e+10
    7.7984 5.6396e+10
    7.8108 5.6748e+10
    7.8232 5.7101e+10
    7.8356 5.7455e+10
     7.848 5.7811e+10
    7.8604 5.8167e+10
    7.8728 5.8526e+10
    7.8852 5.8885e+10
    7.8976 5.9246e+10
      7.91 5.9607e+10
    7.9224 5.9971e+10
    7.9348 6.0335e+10
    7.9472 6.0701e+10
    7.9596 6.1068e+10
     7.972 6.1437e+10
    7.9844 6.1806e+10
    7.9968 6.2178e+10
    8.0092  6.255e+10
    8.0216 6.2924e+10
     8.034 6.3299e+10
    8.0464 6.3675e+10
    8.0588 6.4052e+10
    8.0712 6.4431e+10
    8.0836 6.4811e+10
     8.096 6.5193e+10
    8.1084 6.5576e+10
    8.1208  6.596e+10
    8.1332 6.6345e+10
    8.1456 6.6732e+10
     8.158  6.712e+10
    8.1704 6.7509e+10
    8.1828   6.79e+10
    8.1952 6.8292e+10
    8.2076 6.8685e+10
      8.22 6.9079e+10
    8.2324 6.9475e+10
    8.2448 6.9872e+10
    8.2572 7.0271e+10
    8.2696 7.0671e+10
     8.282 7.1072e+10
    8.2944 7.1474e+10
    8.3067 7.1877e+10
    8.3191 7.2282e+10
    8.3315 7.2689e+10
    8.3439 7.3096e+10
    8.3563 7.3505e+10
    8.3687 7.3916e+10
    8.3811 7.4327e+10
    8.3935  7.474e+10
    8.4059 7.5154e+10
    8.4183 7.5569e+10
    8.4307 7.5986e+10
    8.4431 7.6404e+10
    8.4555 7.6824e+10
    8.4679 7.7244e+10
    8.4803 7.7666e+10
    8.4927  7.809e+10
    8.5051 7.8514e+10
    8.5175  7.894e+10
    8.5299 7.9367e+10
    8.5423 7.9796e+10
    8.5547 8.0226e+10
    8.5671 8.0657e+10
    8.5795 8.1089e+10
    8.5919 8.1524e+10
    8.6043 8.1958e+10
    8.6167 8.2395e+10
    8.6291 8.2833e+10
    8.6415 8.3271e+10
    8.6539 8.3712e+10
    8.6663 8.4153e+10
    8.6787 8.4596e+10
    8.6911 8.5041e+10
    8.7035 8.5486e+10
    8.7159 8.5933e+10
    8.7283 8.6381e+10
    8.7407 8.6831e+10
    8.7531 8.7281e+10
    8.7655 8.7733e+10
    8.7779 8.8187e+10
    8.7903 8.8642e+10
    8.8027 8.9098e+10
    8.8151 8.9555e+10
    8.8275 9.0013e+10
    8.8399 9.0473e+10
    8.8523 9.0935e+10
    8.8647 9.1397e+10
    8.8771 9.1861e+10
    8.8895 9.2326e+10
    8.9019 9.2792e+10
    8.9143 9.3261e+10
    8.9267 9.3729e+10
    8.9391   9.42e+10
    8.9515 9.4672e+10
    8.9639 9.5144e+10
    8.9762 9.5619e+10
    8.9886 9.6094e+10
     9.001 9.6571e+10
    9.0134 9.7049e+10
    9.0258 9.7529e+10
    9.0382  9.801e+10
    9.0506 9.8491e+10
     9.063 9.8975e+10
    9.0754 9.9459e+10
    9.0878 9.9945e+10
    9.1002 1.0043e+11
    9.1126 1.0092e+11
     9.125 1.0141e+11
    9.1374  1.019e+11
    9.1498  1.024e+11
    9.1622 1.0289e+11
    9.1746 1.0338e+11
     9.187 1.0388e+11
    9.1994 1.0438e+11
    9.2118 1.0488e+11
    9.2242 1.0538e+11
    9.2366 1.0588e+11
     9.249 1.0638e+11
    9.2614 1.0689e+11
    9.2738 1.0739e+11
    9.2862  1.079e+11
    9.2986 1.0841e+11
     9.311 1.0891e+11
    9.3234 1.0943e+11
    9.3358 1.0994e+11
    9.3482 1.1045e+11
    9.3606 1.1097e+11
     9.373 1.1148e+11
    9.3854   1.12e+11
    9.3978 1.1252e+11
    9.4102 1.1304e+11
    9.4226 1.1356e+11
     9.435 1.1408e+11
    9.4474  1.146e+11
    9.4598 1.1513e+11
    9.4722 1.1565e+11
    9.4846 1.1618e+11
     9.497 1.1671e+11
    9.5094 1.1724e+11
    9.5218 1.1777e+11
    9.5342  1.183e+11
    9.5466 1.1884e+11
     9.559 1.1937e+11
    9.5714 1.1991e+11
    9.5838 1.2045e+11
    9.5962 1.2098e+11
    9.6086 1.2152e+11
     9.621 1.2207e+11
    9.6333 1.2261e+11
    9.6457 1.2315e+11
    9.6581  1.237e+11
    9.6705 1.2424e+11
    9.6829 1.2479e+11
    9.6953 1.2534e+11
    9.7077 1.2589e+11
    9.7201 1.2644e+11
    9.7325   1.27e+11
    9.7449 1.2755e+11
    9.7573 1.2811e+11
    9.7697 1.2866e+11
    9.7821 1.2922e+11
    9.7945 1.2978e+11
    9.8069 1.3034e+11
    9.8193  1.309e+11
    9.8317 1.3146e+11
    9.8441 1.3203e+11
    9.8565 1.3259e+11
    9.8689 1.3316e+11
    9.8813 1.3373e+11
    9.8937  1.343e+11
    9.9061 1.3487e+11
    9.9185 1.3544e+11
    9.9309 1.3601e+11
    9.9433 1.3659e+11
    9.9557 1.3716e+11
    9.9681 1.3774e+11
    9.9805 1.3832e+11
    9.9929  1.389e+11
    10.005 1.3948e+11
    10.018 1.4006e+11
     10.03 1.4064e+11
    10.042 1.4123e+11
    10.055 1.4181e+11
    10.067  1.424e+11
     10.08 1.4299e+11
    10.092 1.4358e+11
    10.104 1.4417e+11
    10.117 1.4476e+11
    10.129 1.4535e+11
    10.142 1.4595e+11
    10.154 1.4654e+11
    10.166 1.4714e+11
    10.179 1.4774e+11
    10.191 1.4834e+11
    10.204 1.4894e+11
    10.216 1.4954e+11
    10.228 1.5014e+11
    10.241 1.5075e+11
    10.253 1.5135e+11
    10.266 1.5196e+11
    10.278 1.5257e+11
     10.29 1.5318e+11
    10.303 1.5379e+11
    10.315  1.544e+11
    10.328 1.5501e+11
     10.34 1.5563e+11
    10.352 1.5624e+11
    10.365 1.5686e+11
    10.377 1.5748e+11
     10.39 1.5809e+11
    10.402 1.5871e+11
    10.414 1.5934e+11
    10.427 1.5996e+11
    10.439 1.6058e+11
    10.452 1.6121e+11
    10.464 1.6183e+11
    10.476 1.6246e+11
    10.489 1.6309e+11
    10.501 1.6372e+11
    10.514 1.6435e+11
    10.526 1.6498e+11
    10.538 1.6562e+11
    10.551 1.6625e+11
    10.563 1.6689e+11
    10.576 1.6753e+11
    10.588 1.6817e+11
      10.6  1.688e+11
    10.613 1.6945e+11
    10.625 1.7009e+11
    10.638 1.7073e+11
     10.65 1.7138e+11
    10.662 1.7202e+11
    10.675 1.7267e+11
    10.687 1.7332e+11
      10.7 1.7397e+11
    10.712 1.7462e+11
    10.724 1.7527e+11
    10.737 1.7592e+11
    10.749 1.7657e+11
    10.762 1.7723e+11
    10.774 1.7789e+11
    10.786 1.7854e+11
    10.799  1.792e+11
    10.811 1.7986e+11
    10.824 1.8052e+11
    10.836 1.8119e+11
    10.848 1.8185e+11
    10.861 1.8252e+11
    10.873 1.8318e+11
    10.886 1.8385e+11
    10.898 1.8452e+11
     10.91 1.8519e+11
    10.923 1.8586e+11
    10.935 1.8653e+11
    10.948  1.872e+11
     10.96 1.8788e+11
    10.972 1.8855e+11
    10.985 1.8923e+11
    10.997 1.8991e+11
     11.01 1.9059e+11
    11.022 1.9127e+11
    11.034 1.9195e+11
    11.047 1.9263e+11
    11.059 1.9331e+11
    11.072   1.94e+11
    11.084 1.9468e+11
    11.096 1.9537e+11
    11.109 1.9606e+11
    11.121 1.9675e+11
    11.134 1.9744e+11
    11.146 1.9813e+11
    11.158 1.9882e+11
    11.171 1.9952e+11
    11.183 2.0021e+11
    11.196 2.0091e+11
    11.208 2.0161e+11
     11.22 2.0231e+11
    11.233 2.0301e+11
    11.245 2.0371e+11
    11.258 2.0441e+11
     11.27 2.0511e+11
    11.282 2.0582e+11
    11.295 2.0652e+11
    11.307 2.0723e+11
    11.319 2.0794e+11
    11.332 2.0865e+11
    11.344 2.0936e+11
    11.357 2.1007e+11
    11.369 2.1078e+11
    11.381 2.1149e+11
    11.394 2.1221e+11
    11.406 2.1292e+11
    11.419 2.1364e+11
    11.431 2.1436e+11
    11.443 2.1508e+11
    11.456  2.158e+11
    11.468 2.1652e+11
    11.481 2.1724e+11
    11.493 2.1797e+11
    11.505 2.1869e+11
    11.518 2.1942e+11
     11.53 2.2014e+11
    11.543 2.2087e+11
    11.555  2.216e+11
    11.567 2.2233e+11
     11.58 2.2306e+11
    11.592  2.238e+11
    11.605 2.2453e+11
    11.617 2.2526e+11
    11.629   2.26e+11
    11.642 2.2674e+11
    11.654 2.2748e+11
    11.667 2.2821e+11
    11.679 2.2896e+11
    11.691  2.297e+11
    11.704 2.3044e+11
    11.716 2.3118e+11
    11.729 2.3193e+11
    11.741 2.3267e+11
    11.753 2.3342e+11
    11.766 2.3417e+11
    11.778 2.3492e+11
    11.791 2.3567e+11
    11.803 2.3642e+11
    11.815 2.3717e+11
    11.828 2.3793e+11
     11.84 2.3868e+11
    11.853 2.3944e+11
    11.865 2.4019e+11
    11.877 2.4095e+11
     11.89 2.4171e+11
    11.902 2.4247e+11
    11.915 2.4323e+11
    11.927 2.4399e+11
    11.939 2.4476e+11
    11.952 2.4552e+11
    11.964 2.4629e+11
    11.977 2.4705e+11
    11.989 2.4782e+11
    12.001 2.4859e+11
    12.014 2.4936e+11
    12.026 2.5013e+11
    12.039  2.509e+11
    12.051 2.5167e+11
    12.063 2.5245e+11
    12.076 2.5322e+11
    12.088   2.54e+11
    12.101 2.5478e+11
    12.113 2.5556e+11
    12.125 2.5633e+11
    12.138 2.5711e+11
     12.15  2.579e+11
    12.163 2.5868e+11
    12.175 2.5946e+11
    12.187 2.6025e+11
      12.2 2.6103e+11
    12.212 2.6182e+11
    12.225 2.6261e+11
    12.237  2.634e+11
    12.249 2.6419e+11
    12.262 2.6498e+11
    12.274 2.6577e+11
    12.287 2.6656e+11
    12.299 2.6736e+11
    12.311 2.6815e+11
    12.324 2.6895e+11
    12.336 2.6974e+11
    12.349 2.7054e+11
    12.361 2.7134e+11
    12.373 2.7214e+11
    12.386 2.7294e+11
    12.398 2.7374e+11
    12.411 2.7455e+11
    12.423 2.7535e+11
    12.435 2.7616e+11
    12.448 2.7696e+11
     12.46 2.7777e+11
    12.473 2.7858e+11
    12.485 2.7939e+11
    12.497  2.802e+11
     12.51 2.8101e+11
    12.522 2.8182e+11
    12.535 2.8264e+11
    12.547 2.8345e+11
    12.559 2.8427e+11
    12.572 2.8508e+11
    12.584  2.859e+11
    12.597 2.8672e+11
    12.609 2.8754e+11
    12.621 2.8836e+11
    12.634 2.8918e+11
    12.646    2.9e+11
    12.658 2.9083e+11
    12.671 2.9165e+11
    12.683 2.9248e+11
    12.696  2.933e+11
    12.708 2.9413e+11
     12.72 2.9496e+11
    12.733 2.9579e+11
    12.745 2.9662e+11
    12.758 2.9745e+11
     12.77 2.9828e+11
    12.782 2.9912e+11
    12.795 2.9995e+11
    12.807 3.0079e+11
     12.82 3.0162e+11
    12.832 3.0246e+11
    12.844  3.033e+11
    12.857 3.0414e+11
    12.869 3.0498e+11
    12.882 3.0582e+11
    12.894 3.0666e+11
    12.906  3.075e+11
    12.919 3.0835e+11
    12.931 3.0919e+11
    12.944 3.1004e+11
    12.956 3.1089e+11
    12.968 3.1173e+11
    12.981 3.1258e+11
    12.993 3.1343e+11
    13.006 3.1428e+11
    13.018 3.1514e+11
     13.03 3.1599e+11
    13.043 3.1684e+11
    13.055  3.177e+11
    13.068 3.1855e+11
     13.08 3.1941e+11
    13.092 3.2027e+11
    13.105 3.2112e+11
    13.117 3.2198e+11
     13.13 3.2284e+11
    13.142 3.2371e+11
    13.154 3.2457e+11
    13.167 3.2543e+11
    13.179  3.263e+11
    13.192 3.2716e+11
    13.204 3.2803e+11
    13.216 3.2889e+11
    13.229 3.2976e+11
    13.241 3.3063e+11
    13.254  3.315e+11
    13.266 3.3237e+11
    13.278 3.3324e+11
    13.291 3.3411e+11
    13.303 3.3499e+11
    13.316 3.3586e+11
    13.328 3.3674e+11
     13.34 3.3761e+11
    13.353 3.3849e+11
    13.365 3.3937e+11
    13.378 3.4025e+11
     13.39 3.4113e+11
    13.402 3.4201e+11
    13.415 3.4289e+11
    13.427 3.4377e+11
     13.44 3.4466e+11
    13.452 3.4554e+11
    13.464 3.4643e+11
    13.477 3.4731e+11
    13.489  3.482e+11
    13.502 3.4909e+11
    13.514 3.4998e+11
    13.526 3.5087e+11
    13.539 3.5176e+11
    13.551 3.5265e+11
    13.564 3.5354e+11
    13.576 3.5444e+11
    13.588 3.5533e+11
    13.601 3.5622e+11
    13.613 3.5712e+11
    13.626 3.5802e+11
    13.638 3.5892e+11
     13.65 3.5981e+11
    13.663 3.6071e+11
    13.675 3.6162e+11
    13.688 3.6252e+11
      13.7 3.6342e+11
    13.712 3.6432e+11
    13.725 3.6523e+11
    13.737 3.6613e+11
     13.75 3.6704e+11
    13.762 3.6794e+11
    13.774 3.6885e+11
    13.787 3.6976e+11
    13.799 3.7067e+11
    13.812 3.7158e+11
    13.824 3.7249e+11
    13.836  3.734e+11
    13.849 3.7432e+11
    13.861 3.7523e+11
    13.874 3.7614e+11
    13.886 3.7706e+11
    13.898 3.7797e+11
    13.911 3.7889e+11
    13.923 3.7981e+11
    13.936 3.8073e+11
    13.948 3.8165e+11
     13.96 3.8257e+11
    13.973 3.8349e+11
    13.985 3.8441e+11
    13.997 3.8533e+11
     14.01 3.8626e+11
    14.022 3.8718e+11
    14.035 3.8811e+11
    14.047 3.8903e+11
    14.059 3.8996e+11
    14.072 3.9089e+11
    14.084 3.9182e+11
    14.097 3.9275e+11
    14.109 3.9368e+11
    14.121 3.9461e+11
    14.134 3.9554e+11
    14.146 3.9648e+11
    14.159 3.9741e+11
    14.171 3.9835e+11
    14.183 3.9928e+11
    14.196 4.0022e+11
    14.208 4.0115e+11
    14.221 4.0209e+11
    14.233 4.0303e+11
    14.245 4.0397e+11
    14.258 4.0491e+11
     14.27 4.0585e+11
    14.283 4.0679e+11
    14.295 4.0774e+11
    14.307 4.0868e+11
     14.32 4.0963e+11
    14.332 4.1057e+11
    14.345 4.1152e+11
    14.357 4.1246e+11
    14.369 4.1341e+11
    14.382 4.1436e+11
    14.394 4.1531e+11
    14.407 4.1626e+11
    14.419 4.1721e+11
    14.431 4.1816e+11
    14.444 4.1911e+11
    14.456 4.2007e+11
    14.469 4.2102e+11
    14.481 4.2198e+11
    14.493 4.2293e+11
    14.506 4.2389e+11
    14.518 4.2485e+11
    14.531  4.258e+11
    14.543 4.2676e+11
    14.555 4.2772e+11
    14.568 4.2868e+11
     14.58 4.2965e+11
    14.593 4.3061e+11
    14.605 4.3157e+11
    14.617 4.3253e+11
     14.63  4.335e+11
    14.642 4.3446e+11
    14.655 4.3543e+11
    14.667 4.3639e+11
    14.679 4.3736e+11
    14.692 4.3833e+11
    14.704  4.393e+11
    14.717 4.4027e+11
    14.729 4.4124e+11
    14.741 4.4221e+11
    14.754 4.4318e+11
    14.766 4.4416e+11
    14.779 4.4513e+11
    14.791  4.461e+11
    14.803 4.4708e+11
    14.816 4.4806e+11
    14.828 4.4903e+11
    14.841 4.5001e+11
    14.853 4.5099e+11
    14.865 4.5196e+11
    14.878 4.5295e+11
     14.89 4.5392e+11
    14.903 4.5491e+11
    14.915 4.5589e+11
    14.927 4.5687e+11
     14.94 4.5785e+11
    14.952 4.5884e+11
    14.965 4.5982e+11
    14.977 4.6081e+11
    14.989 4.6179e+11
    15.002 4.6278e+11
    15.014 4.6377e+11
    15.027 4.6476e+11
    15.039 4.6575e+11
    15.051 4.6674e+11
    15.064 4.6773e+11
    15.076 4.6872e+11
    15.089 4.6971e+11
    15.101  4.707e+11
    15.113  4.717e+11
    15.126 4.7269e+11
    15.138 4.7369e+11
    15.151 4.7468e+11
    15.163 4.7568e+11
    15.175 4.7667e+11
    15.188 4.7767e+11
      15.2 4.7867e+11
    15.213 4.7967e+11
    15.225 4.8067e+11
    15.237 4.8167e+11
     15.25 4.8267e+11
    15.262 4.8367e+11
    15.275 4.8468e+11
    15.287 4.8568e+11
    15.299 4.8668e+11
    15.312 4.8769e+11
    15.324 4.8869e+11
    15.336  4.897e+11
    15.349 4.9071e+11
    15.361 4.9171e+11
    15.374 4.9272e+11
    15.386 4.9373e+11
    15.398 4.9474e+11
    15.411 4.9575e+11
    15.423 4.9676e+11
    15.436 4.9778e+11
    15.448 4.9879e+11
     15.46  4.998e+11
    15.473 5.0081e+11
    15.485 5.0183e+11
    15.498 5.0284e+11
     15.51 5.0386e+11
    15.522 5.0488e+11
    15.535 5.0589e+11
    15.547 5.0691e+11
     15.56 5.0793e+11
    15.572 5.0895e+11
    15.584 5.0997e+11
    15.597 5.1099e+11
    15.609 5.1201e+11
    15.622 5.1303e+11
    15.634 5.1406e+11
    15.646 5.1508e+11
    15.659  5.161e+11
    15.671 5.1713e+11
    15.684 5.1815e+11
    15.696 5.1918e+11
    15.708  5.202e+11
    15.721 5.2123e+11
    15.733 5.2226e+11
    15.746 5.2329e+11
    15.758 5.2432e+11
     15.77 5.2535e+11
    15.783 5.2638e+11
    15.795 5.2741e+11
    15.808 5.2844e+11
     15.82 5.2947e+11
    15.832 5.3051e+11
    15.845 5.3154e+11
    15.857 5.3257e+11
     15.87 5.3361e+11
    15.882 5.3465e+11
    15.894 5.3568e+11
    15.907 5.3672e+11
    15.919 5.3776e+11
    15.932 5.3879e+11
    15.944 5.3983e+11
    15.956 5.4087e+11
    15.969 5.4191e+11
    15.981 5.4296e+11
    15.994 5.4399e+11
    16.006 5.4504e+11
    16.018 5.4608e+11
    16.031 5.4712e+11
    16.043 5.4817e+11
    16.056 5.4921e+11
    16.068 5.5026e+11
     16.08  5.513e+11
    16.093 5.5235e+11
    16.105 5.5339e+11
    16.118 5.5444e+11
     16.13 5.5549e+11
    16.142 5.5654e+11
    16.155 5.5759e+11
    16.167 5.5864e+11
     16.18 5.5969e+11
    16.192 5.6074e+11
    16.204 5.6179e+11
    16.217 5.6285e+11
    16.229  5.639e+11
    16.242 5.6495e+11
    16.254 5.6601e+11
    16.266 5.6706e+11
    16.279 5.6812e+11
    16.291 5.6917e+11
    16.304 5.7023e+11
    16.316 5.7129e+11
    16.328 5.7235e+11
    16.341  5.734e+11
    16.353 5.7446e+11
    16.366 5.7552e+11
    16.378 5.7658e+11
     16.39 5.7764e+11
    16.403  5.787e+11
    16.415 5.7977e+11
    16.428 5.8083e+11
     16.44 5.8189e+11
    16.452 5.8296e+11
    16.465 5.8402e+11
    16.477 5.8508e+11
     16.49 5.8615e+11
    16.502 5.8721e+11
    16.514 5.8828e+11
    16.527 5.8935e+11
    16.539 5.9041e+11
    16.552 5.9149e+11
    16.564 5.9256e+11
    16.576 5.9363e+11
    16.589 5.9469e+11
    16.601 5.9576e+11
    16.613 5.9683e+11
    16.626 5.9791e+11
    16.638 5.9898e+11
    16.651 6.0005e+11
    16.663 6.0112e+11
    16.675  6.022e+11
    16.688 6.0328e+11
      16.7 6.0435e+11
    16.713 6.0542e+11
    16.725  6.065e+11
    16.737 6.0758e+11
     16.75 6.0866e+11
    16.762 6.0973e+11
    16.775 6.1081e+11
    16.787 6.1189e+11
    16.799 6.1297e+11
    16.812 6.1405e+11
    16.824 6.1513e+11
    16.837 6.1621e+11
    16.849 6.1729e+11
    16.861 6.1838e+11
    16.874 6.1946e+11
    16.886 6.2054e+11
    16.899 6.2162e+11
    16.911 6.2271e+11
    16.923 6.2379e+11
    16.936 6.2488e+11
    16.948 6.2597e+11
    16.961 6.2705e+11
    16.973 6.2814e+11
    16.985 6.2923e+11
    16.998 6.3032e+11
     17.01 6.3141e+11
    17.023 6.3249e+11
    17.035 6.3359e+11
    17.047 6.3467e+11
     17.06 6.3577e+11
    17.072 6.3686e+11
    17.085 6.3794e+11
    17.097 6.3904e+11
    17.109 6.4013e+11
    17.122 6.4122e+11
    17.134 6.4232e+11
    17.147 6.4341e+11
    17.159 6.4451e+11
    17.171  6.456e+11
    17.184  6.467e+11
    17.196  6.478e+11
    17.209 6.4889e+11
    17.221 6.4999e+11
    17.233 6.5109e+11
    17.246 6.5219e+11
    17.258 6.5329e+11
    17.271 6.5439e+11
    17.283 6.5549e+11
    17.295 6.5658e+11
    17.308 6.5769e+11
     17.32 6.5879e+11
    17.333 6.5989e+11
    17.345 6.6099e+11
    17.357  6.621e+11
     17.37  6.632e+11
    17.382  6.643e+11
    17.395 6.6541e+11
    17.407 6.6651e+11
    17.419 6.6762e+11
    17.432 6.6872e+11
    17.444 6.6983e+11
    17.457 6.7094e+11
    17.469 6.7204e+11
    17.481 6.7315e+11
    17.494 6.7426e+11
    17.506 6.7537e+11
    17.519 6.7648e+11
    17.531 6.7759e+11
    17.543  6.787e+11
    17.556 6.7981e+11
    17.568 6.8092e+11
    17.581 6.8203e+11
    17.593 6.8314e+11
    17.605 6.8426e+11
    17.618 6.8537e+11
     17.63 6.8648e+11
    17.643  6.876e+11
    17.655 6.8871e+11
    17.667 6.8983e+11
     17.68 6.9094e+11
    17.692 6.9206e+11
    17.705 6.9318e+11
    17.717 6.9429e+11
    17.729 6.9541e+11
    17.742 6.9652e+11
    17.754 6.9765e+11
    17.767 6.9876e+11
    17.779 6.9988e+11
    17.791   7.01e+11
    17.804 7.0212e+11
    17.816 7.0324e+11
    17.829 7.0436e+11
    17.841 7.0548e+11
    17.853 7.0661e+11
    17.866 7.0773e+11
    17.878 7.0885e+11
    17.891 7.0998e+11
    17.903  7.111e+11
    17.915 7.1222e+11
    17.928 7.1335e+11
     17.94 7.1447e+11
    17.952  7.156e+11
    17.965 7.1672e+11
    17.977 7.1785e+11
     17.99 7.1898e+11
    18.002  7.201e+11
    18.014 7.2123e+11
    18.027 7.2236e+11
    18.039 7.2349e+11
    18.052 7.2462e+11
    18.064 7.2574e+11
    18.076 7.2688e+11
    18.089   7.28e+11
    18.101 7.2914e+11
    18.114 7.3027e+11
    18.126  7.314e+11
    18.138 7.3253e+11
    18.151 7.3366e+11
    18.163  7.348e+11
    18.176 7.3593e+11
    18.188 7.3706e+11
      18.2  7.382e+11
    18.213 7.3933e+11
    18.225 7.4046e+11
    18.238  7.416e+11
     18.25 7.4274e+11
    18.262 7.4387e+11
    18.275 7.4501e+11
    18.287 7.4614e+11
      18.3 7.4728e+11
    18.312 7.4842e+11
    18.324 7.4956e+11
    18.337  7.507e+11
    18.349 7.5184e+11
    18.362 7.5298e+11
    18.374 7.5412e+11
    18.386 7.5526e+11
    18.399  7.564e+11
    18.411 7.5754e+11
    18.424 7.5868e+11
    18.436 7.5982e+11
    18.448 7.6096e+11
    18.461 7.6211e+11
    18.473 7.6325e+11
    18.486 7.6439e+11
    18.498 7.6553e+11
     18.51 7.6668e+11
    18.523 7.6782e+11
    18.535 7.6897e+11
    18.548 7.7012e+11
     18.56 7.7126e+11
    18.572 7.7241e+11
    18.585 7.7355e+11
    18.597  7.747e+11
     18.61 7.7585e+11
    18.622 7.7699e+11
    18.634 7.7814e+11
    18.647 7.7929e+11
    18.659 7.8044e+11
    18.672 7.8159e+11
    18.684 7.8274e+11
    18.696 7.8389e+11
    18.709 7.8504e+11
    18.721 7.8619e+11
    18.734 7.8734e+11
    18.746 7.8849e+11
    18.758 7.8964e+11
    18.771  7.908e+11
    18.783 7.9195e+11
    18.796  7.931e+11
    18.808 7.9425e+11
     18.82 7.9541e+11
    18.833 7.9657e+11
    18.845 7.9772e+11
    18.858 7.9887e+11
     18.87 8.0003e+11
    18.882 8.0118e+11
    18.895 8.0234e+11
    18.907 8.0349e+11
     18.92 8.0465e+11
    18.932 8.0581e+11
    18.944 8.0697e+11
    18.957 8.0812e+11
    18.969 8.0928e+11
    18.982 8.1044e+11
    18.994  8.116e+11
    19.006 8.1276e+11
    19.019 8.1392e+11
    19.031 8.1508e+11
    19.044 8.1624e+11
    19.056  8.174e+11
    19.068 8.1856e+11
    19.081 8.1972e+11
    19.093 8.2088e+11
    19.106 8.2204e+11
    19.118 8.2321e+11
     19.13 8.2437e+11
    19.143 8.2553e+11
    19.155 8.2669e+11
    19.168 8.2786e+11
     19.18 8.2902e+11
    19.192 8.3019e+11
    19.205 8.3135e+11
    19.217 8.3252e+11
     19.23 8.3368e+11
    19.242 8.3485e+11
    19.254 8.3601e+11
    19.267 8.3718e+11
    19.279 8.3834e+11
    19.291 8.3951e+11
    19.304 8.4068e+11
    19.316 8.4185e+11
    19.329 8.4302e+11
    19.341 8.4418e+11
    19.353 8.4535e+11
    19.366 8.4652e+11
    19.378 8.4769e+11
    19.391 8.4886e+11
    19.403 8.5003e+11
    19.415  8.512e+11
    19.428 8.5237e+11
     19.44 8.5354e+11
    19.453 8.5471e+11
    19.465 8.5589e+11
    19.477 8.5706e+11
     19.49 8.5823e+11
    19.502  8.594e+11
    19.515 8.6057e+11
    19.527 8.6175e+11
    19.539 8.6292e+11
    19.552  8.641e+11
    19.564 8.6527e+11
    19.577 8.6645e+11
    19.589 8.6762e+11
    19.601 8.6879e+11
    19.614 8.6997e+11
    19.626 8.7115e+11
    19.639 8.7232e+11
    19.651 8.7349e+11
    19.663 8.7467e+11
    19.676 8.7585e+11
    19.688 8.7703e+11
    19.701 8.7821e+11
    19.713 8.7938e+11
    19.725 8.8056e+11
    19.738 8.8174e+11
     19.75 8.8292e+11
    19.763  8.841e+11
    19.775 8.8527e+11
    19.787 8.8645e+11
      19.8 8.8764e+11
    19.812 8.8882e+11
    19.825    8.9e+11
    19.837 8.9118e+11
    19.849 8.9236e+11
    19.862 8.9354e+11
    19.874 8.9472e+11
    19.887  8.959e+11
    19.899 8.9708e+11
    19.911 8.9827e+11
    19.924 8.9945e+11
    19.936 9.0063e+11
    19.949 9.0182e+11
    19.961   9.03e+11
    19.973 9.0418e+11
    19.986 9.0537e+11
    19.998 9.0655e+11
    20.011 9.0774e+11
    20.023 9.0893e+11
    20.035 9.1011e+11
    20.048 9.1129e+11
     20.06 9.1248e+11
    20.073 9.1366e+11
    20.085 9.1485e+11
    20.097 9.1604e+11
     20.11 9.1722e+11
    20.122 9.1841e+11
    20.135  9.196e+11
    20.147 9.2079e+11
    20.159 9.2198e+11
    20.172 9.2316e+11
    20.184 9.2435e+11
    20.197 9.2554e+11
    20.209 9.2673e+11
    20.221 9.2792e+11
    20.234 9.2911e+11
    20.246  9.303e+11
    20.259 9.3149e+11
    20.271 9.3268e+11
    20.283 9.3387e+11
    20.296 9.3506e+11
    20.308 9.3625e+11
    20.321 9.3744e+11
    20.333 9.3864e+11
    20.345 9.3983e+11
    20.358 9.4102e+11
     20.37 9.4221e+11
    20.383  9.434e+11
    20.395  9.446e+11
    20.407 9.4579e+11
     20.42 9.4698e+11
    20.432 9.4817e+11
    20.445 9.4937e+11
    20.457 9.5056e+11
    20.469 9.5176e+11
    20.482 9.5295e+11
    20.494 9.5415e+11
    20.507 9.5534e+11
    20.519 9.5654e+11
    20.531 9.5773e+11
    20.544 9.5893e+11
    20.556 9.6013e+11
    20.569 9.6133e+11
    20.581 9.6252e+11
    20.593 9.6372e+11
    20.606 9.6492e+11
    20.618 9.6611e+11
     20.63 9.6731e+11
    20.643 9.6851e+11
    20.655  9.697e+11
    20.668  9.709e+11
     20.68  9.721e+11
    20.692  9.733e+11
    20.705  9.745e+11
    20.717  9.757e+11
     20.73  9.769e+11
    20.742  9.781e+11
    20.754  9.793e+11
    20.767  9.805e+11
    20.779  9.817e+11
    20.792  9.829e+11
    20.804  9.841e+11
    20.816  9.853e+11
    20.829  9.865e+11
    20.841 9.8771e+11
    20.854  9.889e+11
    20.866  9.901e+11
    20.878 9.9132e+11
    20.891 9.9251e+11
    20.903 9.9372e+11
    20.916 9.9492e+11
    20.928 9.9613e+11
     20.94 9.9733e+11
    20.953 9.9853e+11
    20.965 9.9973e+11
    20.978 1.0009e+12
     20.99 1.0021e+12
    21.002 1.0033e+12
    21.015 1.0046e+12
    21.027 1.0058e+12
     21.04  1.007e+12
    21.052 1.0082e+12
    21.064 1.0094e+12
    21.077 1.0106e+12
    21.089 1.0118e+12
    21.102  1.013e+12
    21.114 1.0142e+12
    21.126 1.0154e+12
    21.139 1.0166e+12
    21.151 1.0178e+12
    21.164  1.019e+12
    21.176 1.0202e+12
    21.188 1.0214e+12
    21.201 1.0226e+12
    21.213 1.0239e+12
    21.226 1.0251e+12
    21.238 1.0263e+12
     21.25 1.0275e+12
    21.263 1.0287e+12
    21.275 1.0299e+12
    21.288 1.0311e+12
      21.3 1.0323e+12
    21.312 1.0335e+12
    21.325 1.0347e+12
    21.337 1.0359e+12
     21.35 1.0372e+12
    21.362 1.0384e+12
    21.374 1.0396e+12
    21.387 1.0408e+12
    21.399  1.042e+12
    21.412 1.0432e+12
    21.424 1.0444e+12
    21.436 1.0456e+12
    21.449 1.0468e+12
    21.461 1.0481e+12
    21.474 1.0493e+12
    21.486 1.0505e+12
    21.498 1.0517e+12
    21.511 1.0529e+12
    21.523 1.0541e+12
    21.536 1.0553e+12
    21.548 1.0565e+12
     21.56 1.0577e+12
    21.573  1.059e+12
    21.585 1.0602e+12
    21.598 1.0614e+12
     21.61 1.0626e+12
    21.622 1.0638e+12
    21.635  1.065e+12
    21.647 1.0662e+12
     21.66 1.0675e+12
    21.672 1.0687e+12
    21.684 1.0699e+12
    21.697 1.0711e+12
    21.709 1.0723e+12
    21.722 1.0735e+12
    21.734 1.0748e+12
    21.746  1.076e+12
    21.759 1.0772e+12
    21.771 1.0784e+12
    21.784 1.0796e+12
    21.796 1.0808e+12
    21.808 1.0821e+12
    21.821 1.0833e+12
    21.833 1.0845e+12
    21.846 1.0857e+12
    21.858 1.0869e+12
     21.87 1.0881e+12
    21.883 1.0894e+12
    21.895 1.0906e+12
    21.908 1.0918e+12
     21.92  1.093e+12
    21.932 1.0942e+12
    21.945 1.0954e+12
    21.957 1.0967e+12
    21.969 1.0979e+12
    21.982 1.0991e+12
    21.994 1.1003e+12
    22.007 1.1015e+12
    22.019 1.1028e+12
    22.031  1.104e+12
    22.044 1.1052e+12
    22.056 1.1064e+12
    22.069 1.1076e+12
    22.081 1.1089e+12
    22.093 1.1101e+12
    22.106 1.1113e+12
    22.118 1.1125e+12
    22.131 1.1137e+12
    22.143  1.115e+12
    22.155 1.1162e+12
    22.168 1.1174e+12
     22.18 1.1186e+12
    22.193 1.1198e+12
    22.205 1.1211e+12
    22.217 1.1223e+12
     22.23 1.1235e+12
    22.242 1.1247e+12
    22.255  1.126e+12
    22.267 1.1272e+12
    22.279 1.1284e+12
    22.292 1.1296e+12
    22.304 1.1308e+12
    22.317 1.1321e+12
    22.329 1.1333e+12
    22.341 1.1345e+12
    22.354 1.1357e+12
    22.366  1.137e+12
    22.379 1.1382e+12
    22.391 1.1394e+12
    22.403 1.1406e+12
    22.416 1.1419e+12
    22.428 1.1431e+12
    22.441 1.1443e+12
    22.453 1.1455e+12
    22.465 1.1468e+12
    22.478  1.148e+12
     22.49 1.1492e+12
    22.503 1.1504e+12
    22.515 1.1517e+12
    22.527 1.1529e+12
     22.54 1.1541e+12
    22.552 1.1553e+12
    22.565 1.1566e+12
    22.577 1.1578e+12
    22.589  1.159e+12
    22.602 1.1602e+12
    22.614 1.1615e+12
    22.627 1.1627e+12
    22.639 1.1639e+12
    22.651 1.1651e+12
    22.664 1.1664e+12
    22.676 1.1676e+12
    22.689 1.1688e+12
    22.701   1.17e+12
    22.713 1.1713e+12
    22.726 1.1725e+12
    22.738 1.1737e+12
    22.751 1.1749e+12
    22.763 1.1762e+12
    22.775 1.1774e+12
    22.788 1.1786e+12
      22.8 1.1799e+12
    22.813 1.1811e+12
    22.825 1.1823e+12
    22.837 1.1835e+12
     22.85 1.1848e+12
    22.862  1.186e+12
    22.875 1.1872e+12
    22.887 1.1885e+12
    22.899 1.1897e+12
    22.912 1.1909e+12
    22.924 1.1921e+12
    22.937 1.1934e+12
    22.949 1.1946e+12
    22.961 1.1958e+12
    22.974 1.1971e+12
    22.986 1.1983e+12
    22.999 1.1995e+12
    23.011 1.2007e+12
    23.023  1.202e+12
    23.036 1.2032e+12
    23.048 1.2044e+12
    23.061 1.2057e+12
    23.073 1.2069e+12
    23.085 1.2081e+12
    23.098 1.2094e+12
     23.11 1.2106e+12
    23.123 1.2118e+12
    23.135 1.2131e+12
    23.147 1.2143e+12
     23.16 1.2155e+12
    23.172 1.2167e+12
    23.185  1.218e+12
    23.197 1.2192e+12
    23.209 1.2204e+12
    23.222 1.2217e+12
    23.234 1.2229e+12
    23.247 1.2241e+12
    23.259 1.2254e+12
    23.271 1.2266e+12
    23.284 1.2278e+12
    23.296 1.2291e+12
    23.308 1.2303e+12
    23.321 1.2315e+12
    23.333 1.2328e+12
    23.346  1.234e+12
    23.358 1.2352e+12
     23.37 1.2364e+12
    23.383 1.2377e+12
    23.395 1.2389e+12
    23.408 1.2401e+12
     23.42 1.2414e+12
    23.432 1.2426e+12
    23.445 1.2438e+12
    23.457 1.2451e+12
     23.47 1.2463e+12
    23.482 1.2475e+12
    23.494 1.2488e+12
    23.507   1.25e+12
    23.519 1.2513e+12
    23.532 1.2525e+12
    23.544 1.2537e+12
    23.556 1.2549e+12
    23.569 1.2562e+12
    23.581 1.2574e+12
    23.594 1.2586e+12
    23.606 1.2599e+12
    23.618 1.2611e+12
    23.631 1.2624e+12
    23.643 1.2636e+12
    23.656 1.2648e+12
    23.668 1.2661e+12
     23.68 1.2673e+12
    23.693 1.2685e+12
    23.705 1.2698e+12
    23.718  1.271e+12
     23.73 1.2722e+12
    23.742 1.2735e+12
    23.755 1.2747e+12
    23.767 1.2759e+12
     23.78 1.2772e+12
    23.792 1.2784e+12
    23.804 1.2796e+12
    23.817 1.2809e+12
    23.829 1.2821e+12
    23.842 1.2833e+12
    23.854 1.2846e+12
    23.866 1.2858e+12
    23.879  1.287e+12
    23.891 1.2883e+12
    23.904 1.2895e+12
    23.916 1.2907e+12
    23.928  1.292e+12
    23.941 1.2932e+12
    23.953 1.2945e+12
    23.966 1.2957e+12
    23.978 1.2969e+12
     23.99 1.2982e+12
    24.003 1.2994e+12
    24.015 1.3006e+12
    24.028 1.3019e+12
     24.04 1.3031e+12
    24.052 1.3043e+12
    24.065 1.3056e+12
    24.077 1.3068e+12
     24.09  1.308e+12
    24.102 1.3093e+12
    24.114 1.3105e+12
    24.127 1.3118e+12
    24.139  1.313e+12
    24.152 1.3142e+12
    24.164 1.3155e+12
    24.176 1.3167e+12
    24.189 1.3179e+12
    24.201 1.3192e+12
    24.214 1.3204e+12
    24.226 1.3217e+12
    24.238 1.3229e+12
    24.251 1.3241e+12
    24.263 1.3254e+12
    24.276 1.3266e+12
    24.288 1.3278e+12
      24.3 1.3291e+12
    24.313 1.3303e+12
    24.325 1.3315e+12
    24.338 1.3328e+12
     24.35  1.334e+12
    24.362 1.3353e+12
    24.375 1.3365e+12
    24.387 1.3377e+12
      24.4  1.339e+12
    24.412 1.3402e+12
    24.424 1.3414e+12
    24.437 1.3427e+12
    24.449 1.3439e+12
    24.462 1.3452e+12
    24.474 1.3464e+12
    24.486 1.3476e+12
    24.499 1.3489e+12
    24.511 1.3501e+12
    24.524 1.3514e+12
    24.536 1.3526e+12
    24.548 1.3538e+12
    24.561 1.3551e+12
    24.573 1.3563e+12
    24.585 1.3575e+12
    24.598 1.3588e+12
     24.61   1.36e+12
    24.623 1.3613e+12
    24.635 1.3625e+12
    24.647 1.3637e+12
     24.66  1.365e+12
    24.672 1.3662e+12
    24.685 1.3674e+12
    24.697 1.3687e+12
    24.709 1.3699e+12
    24.722 1.3712e+12
    24.734 1.3724e+12
    24.747 1.3736e+12
    24.759 1.3749e+12
    24.771 1.3761e+12
    24.784 1.3774e+12
    24.796 1.3786e+12
    24.809 1.3798e+12
    24.821 1.3811e+12
    24.833 1.3823e+12
    24.846 1.3835e+12
    24.858 1.3848e+12
    24.871  1.386e+12
    24.883 1.3873e+12
    24.895 1.3885e+12
    24.908 1.3897e+12
     24.92  1.391e+12
    24.933 1.3922e+12
    24.945 1.3935e+12
    24.957 1.3947e+12
     24.97 1.3959e+12
    24.982 1.3972e+12
    24.995 1.3984e+12
    25.007 1.3997e+12
    25.019 1.4009e+12
    25.032 1.4021e+12
    25.044 1.4034e+12
    25.057 1.4046e+12
    25.069 1.4058e+12
    25.081 1.4071e+12
    25.094 1.4083e+12
    25.106 1.4096e+12
    25.119 1.4108e+12
    25.131  1.412e+12
    25.143 1.4133e+12
    25.156 1.4145e+12
    25.168 1.4158e+12
    25.181  1.417e+12
    25.193 1.4182e+12
    25.205 1.4195e+12
    25.218 1.4207e+12
     25.23  1.422e+12
    25.243 1.4232e+12
    25.255 1.4244e+12
    25.267 1.4257e+12
     25.28 1.4269e+12
    25.292 1.4281e+12
    25.305 1.4294e+12
    25.317 1.4306e+12
    25.329 1.4319e+12
    25.342 1.4331e+12
    25.354 1.4343e+12
    25.367 1.4356e+12
    25.379 1.4368e+12
    25.391 1.4381e+12
    25.404 1.4393e+12
    25.416 1.4405e+12
    25.429 1.4418e+12
    25.441  1.443e+12
    25.453 1.4443e+12
    25.466 1.4455e+12
    25.478 1.4467e+12
    25.491  1.448e+12
    25.503 1.4492e+12
    25.515 1.4505e+12
    25.528 1.4517e+12
     25.54 1.4529e+12
    25.553 1.4542e+12
    25.565 1.4554e+12
    25.577 1.4566e+12
     25.59 1.4579e+12
    25.602 1.4591e+12
    25.615 1.4604e+12
    25.627 1.4616e+12
    25.639 1.4628e+12
    25.652 1.4641e+12
    25.664 1.4653e+12
    25.677 1.4666e+12
    25.689 1.4678e+12
    25.701  1.469e+12
    25.714 1.4703e+12
    25.726 1.4715e+12
    25.739 1.4728e+12
    25.751  1.474e+12
    25.763 1.4752e+12
    25.776 1.4765e+12
    25.788 1.4777e+12
    25.801  1.479e+12
    25.813 1.4802e+12
    25.825 1.4814e+12
    25.838 1.4827e+12
     25.85 1.4839e+12
    25.863 1.4851e+12
    25.875 1.4864e+12
    25.887 1.4876e+12
      25.9 1.4889e+12
    25.912 1.4901e+12
    25.924 1.4913e+12
    25.937 1.4926e+12
    25.949 1.4938e+12
    25.962 1.4951e+12
    25.974 1.4963e+12
    25.986 1.4975e+12
    25.999 1.4988e+12
    26.011    1.5e+12
    26.024 1.5013e+12
    26.036 1.5025e+12
    26.048 1.5037e+12
    26.061  1.505e+12
    26.073 1.5062e+12
    26.086 1.5074e+12
    26.098 1.5087e+12
     26.11 1.5099e+12
    26.123 1.5112e+12
    26.135 1.5124e+12
    26.148 1.5136e+12
     26.16 1.5149e+12
    26.172 1.5161e+12
    26.185 1.5174e+12
    26.197 1.5186e+12
     26.21 1.5198e+12
    26.222 1.5211e+12
    26.234 1.5223e+12
    26.247 1.5235e+12
    26.259 1.5248e+12
    26.272  1.526e+12
    26.284 1.5273e+12
    26.296 1.5285e+12
    26.309 1.5297e+12
    26.321  1.531e+12
    26.334 1.5322e+12
    26.346 1.5335e+12
    26.358 1.5347e+12
    26.371 1.5359e+12
    26.383 1.5372e+12
    26.396 1.5384e+12
    26.408 1.5396e+12
     26.42 1.5409e+12
    26.433 1.5421e+12
    26.445 1.5434e+12
    26.458 1.5446e+12
     26.47 1.5458e+12
    26.482 1.5471e+12
    26.495 1.5483e+12
    26.507 1.5495e+12
     26.52 1.5508e+12
    26.532  1.552e+12
    26.544 1.5533e+12
    26.557 1.5545e+12
    26.569 1.5557e+12
    26.582  1.557e+12
    26.594 1.5582e+12
    26.606 1.5594e+12
    26.619 1.5607e+12
    26.631 1.5619e+12
    26.644 1.5632e+12
    26.656 1.5644e+12
    26.668 1.5656e+12
    26.681 1.5669e+12
    26.693 1.5681e+12
    26.706 1.5693e+12
    26.718 1.5706e+12
     26.73 1.5718e+12
    26.743 1.5731e+12
    26.755 1.5743e+12
    26.768 1.5755e+12
     26.78 1.5768e+12
    26.792  1.578e+12
    26.805 1.5792e+12
    26.817 1.5805e+12
     26.83 1.5817e+12
    26.842  1.583e+12
    26.854 1.5842e+12
    26.867 1.5854e+12
    26.879 1.5867e+12
    26.892 1.5879e+12
    26.904 1.5891e+12
    26.916 1.5904e+12
    26.929 1.5916e+12
    26.941 1.5928e+12
    26.954 1.5941e+12
    26.966 1.5953e+12
    26.978 1.5966e+12
    26.991 1.5978e+12
    27.003  1.599e+12
    27.016 1.6003e+12
    27.028 1.6015e+12
     27.04 1.6027e+12
    27.053  1.604e+12
    27.065 1.6052e+12
    27.078 1.6064e+12
     27.09 1.6077e+12
    27.102 1.6089e+12
    27.115 1.6102e+12
    27.127 1.6114e+12
     27.14 1.6126e+12
    27.152 1.6139e+12
    27.164 1.6151e+12
    27.177 1.6163e+12
    27.189 1.6176e+12
    27.202 1.6188e+12
    27.214   1.62e+12
    27.226 1.6213e+12
    27.239 1.6225e+12
    27.251 1.6237e+12
    27.263  1.625e+12
    27.276 1.6262e+12
    27.288 1.6274e+12
    27.301 1.6287e+12
    27.313 1.6299e+12
    27.325 1.6311e+12
    27.338 1.6324e+12
     27.35 1.6336e+12
    27.363 1.6349e+12
    27.375 1.6361e+12
    27.387 1.6373e+12
      27.4 1.6386e+12
    27.412 1.6398e+12
    27.425  1.641e+12
    27.437 1.6423e+12
    27.449 1.6435e+12
    27.462 1.6447e+12
    27.474  1.646e+12
    27.487 1.6472e+12
    27.499 1.6484e+12
    27.511 1.6497e+12
    27.524 1.6509e+12
    27.536 1.6521e+12
    27.549 1.6534e+12
    27.561 1.6546e+12
    27.573 1.6558e+12
    27.586 1.6571e+12
    27.598 1.6583e+12
    27.611 1.6595e+12
    27.623 1.6608e+12
    27.635  1.662e+12
    27.648 1.6632e+12
     27.66 1.6645e+12
    27.673 1.6657e+12
    27.685 1.6669e+12
    27.697 1.6682e+12
     27.71 1.6694e+12
    27.722 1.6706e+12
    27.735 1.6719e+12
    27.747 1.6731e+12
    27.759 1.6743e+12
    27.772 1.6756e+12
    27.784 1.6768e+12
    27.797  1.678e+12
    27.809 1.6793e+12
    27.821 1.6805e+12
    27.834 1.6817e+12
    27.846  1.683e+12
    27.859 1.6842e+12
    27.871 1.6854e+12
    27.883 1.6867e+12
    27.896 1.6879e+12
    27.908 1.6891e+12
    27.921 1.6904e+12
    27.933 1.6916e+12
    27.945 1.6928e+12
    27.958  1.694e+12
     27.97 1.6953e+12
    27.983 1.6965e+12
    27.995 1.6977e+12
    28.007  1.699e+12
     28.02 1.7002e+12
    28.032 1.7014e+12
    28.045 1.7027e+12
    28.057 1.7039e+12
    28.069 1.7051e+12
    28.082 1.7064e+12
    28.094 1.7076e+12
    28.107 1.7088e+12
    28.119   1.71e+12
    28.131 1.7113e+12
    28.144 1.7125e+12
    28.156 1.7137e+12
    28.169  1.715e+12
    28.181 1.7162e+12
    28.193 1.7174e+12
    28.206 1.7187e+12
    28.218 1.7199e+12
    28.231 1.7211e+12
    28.243 1.7223e+12
    28.255 1.7236e+12
    28.268 1.7248e+12
     28.28  1.726e+12
    28.293 1.7273e+12
    28.305 1.7285e+12
    28.317 1.7297e+12
     28.33  1.731e+12
    28.342 1.7322e+12
    28.355 1.7334e+12
    28.367 1.7346e+12
    28.379 1.7359e+12
    28.392 1.7371e+12
    28.404 1.7383e+12
    28.417 1.7396e+12
    28.429 1.7408e+12
    28.441  1.742e+12
    28.454 1.7432e+12
    28.466 1.7445e+12
    28.479 1.7457e+12
    28.491 1.7469e+12
    28.503 1.7482e+12
    28.516 1.7494e+12
    28.528 1.7506e+12
    28.541 1.7518e+12
    28.553 1.7531e+12
    28.565 1.7543e+12
    28.578 1.7555e+12
     28.59 1.7567e+12
    28.602  1.758e+12
    28.615 1.7592e+12
    28.627 1.7604e+12
     28.64 1.7617e+12
    28.652 1.7629e+12
    28.664 1.7641e+12
    28.677 1.7653e+12
    28.689 1.7666e+12
    28.702 1.7678e+12
    28.714  1.769e+12
    28.726 1.7702e+12
    28.739 1.7715e+12
    28.751 1.7727e+12
    28.764 1.7739e+12
    28.776 1.7752e+12
    28.788 1.7764e+12
    28.801 1.7776e+12
    28.813 1.7788e+12
    28.826 1.7801e+12
    28.838 1.7813e+12
     28.85 1.7825e+12
    28.863 1.7837e+12
    28.875  1.785e+12
    28.888 1.7862e+12
      28.9 1.7874e+12
    28.912 1.7886e+12
    28.925 1.7899e+12
    28.937 1.7911e+12
     28.95 1.7923e+12
    28.962 1.7935e+12
    28.974 1.7948e+12
    28.987  1.796e+12
    28.999 1.7972e+12
    29.012 1.7984e+12
    29.024 1.7996e+12
    29.036 1.8009e+12
    29.049 1.8021e+12
    29.061 1.8033e+12
    29.074 1.8045e+12
    29.086 1.8058e+12
    29.098  1.807e+12
    29.111 1.8082e+12
    29.123 1.8094e+12
    29.136 1.8107e+12
    29.148 1.8119e+12
     29.16 1.8131e+12
    29.173 1.8143e+12
    29.185 1.8156e+12
    29.198 1.8168e+12
     29.21  1.818e+12
    29.222 1.8192e+12
    29.235 1.8204e+12
    29.247 1.8217e+12
     29.26 1.8229e+12
    29.272 1.8241e+12
    29.284 1.8253e+12
    29.297 1.8266e+12
    29.309 1.8278e+12
    29.322  1.829e+12
    29.334 1.8302e+12
    29.346 1.8314e+12
    29.359 1.8327e+12
    29.371 1.8339e+12
    29.384 1.8351e+12
    29.396 1.8363e+12
    29.408 1.8376e+12
    29.421 1.8388e+12
    29.433   1.84e+12
    29.446 1.8412e+12
    29.458 1.8424e+12
     29.47 1.8437e+12
    29.483 1.8449e+12
    29.495 1.8461e+12
    29.508 1.8473e+12
     29.52 1.8485e+12
    29.532 1.8498e+12
    29.545  1.851e+12
    29.557 1.8522e+12
     29.57 1.8534e+12
    29.582 1.8546e+12
    29.594 1.8559e+12
    29.607 1.8571e+12
    29.619 1.8583e+12
    29.632 1.8595e+12
    29.644 1.8607e+12
    29.656  1.862e+12
    29.669 1.8632e+12
    29.681 1.8644e+12
    29.694 1.8656e+12
    29.706 1.8668e+12
    29.718  1.868e+12
    29.731 1.8693e+12
    29.743 1.8705e+12
    29.756 1.8717e+12
    29.768 1.8729e+12
     29.78 1.8741e+12
    29.793 1.8754e+12
    29.805 1.8766e+12
    29.818 1.8778e+12
     29.83  1.879e+12
    29.842 1.8802e+12
    29.855 1.8814e+12
    29.867 1.8827e+12
     29.88 1.8839e+12
    29.892 1.8851e+12
    29.904 1.8863e+12
    29.917 1.8875e+12
    29.929 1.8887e+12
    29.941   1.89e+12
    29.954 1.8912e+12
    29.966 1.8924e+12
    29.979 1.8936e+12
    29.991 1.8948e+12
    30.003  1.896e+12
