RRKM rate, sf=0.970, S*=-16.70, E0=0.51 and Delta=-0.14
   En (eV)    k (s-1)
         0          0
  0.012398          0
  0.024796          0
  0.037194          0
  0.049593          0
  0.061991          0
  0.074389          0
  0.086787          0
  0.099185          0
   0.11158          0
   0.12398          0
   0.13638          0
   0.14878          0
   0.16118          0
   0.17357          0
   0.18597          0
   0.19837          0
   0.21077          0
   0.22317          0
   0.23556          0
   0.24796          0
   0.26036          0
   0.27276          0
   0.28516          0
   0.29756          0
   0.30995          0
   0.32235          0
   0.33475          0
   0.34715          0
   0.35955          0
   0.37194          0
   0.38434          0
   0.39674          0
   0.40914          0
   0.42154          0
   0.43393          0
   0.44633          0
   0.45873          0
   0.47113          0
   0.48353          0
   0.49593          0
   0.50832      15373
   0.52072      33861
   0.53312      74812
   0.54552  1.228e+05
   0.55792 1.9559e+05
   0.57031 2.8721e+05
   0.58271 4.1028e+05
   0.59511 5.6775e+05
   0.60751 7.6442e+05
   0.61991 1.0114e+06
    0.6323 1.3084e+06
    0.6447 1.6704e+06
    0.6571 2.0974e+06
    0.6695 2.6054e+06
    0.6819 3.1969e+06
    0.6943 3.8866e+06
   0.70669 4.6811e+06
   0.71909 5.5924e+06
   0.73149 6.6313e+06
   0.74389 7.8081e+06
   0.75629 9.1362e+06
   0.76868 1.0626e+07
   0.78108 1.2293e+07
   0.79348 1.4147e+07
   0.80588 1.6205e+07
   0.81828 1.8479e+07
   0.83067 2.0985e+07
   0.84307 2.3736e+07
   0.85547 2.6749e+07
   0.86787  3.004e+07
   0.88027 3.3623e+07
   0.89267 3.7517e+07
   0.90506 4.1737e+07
   0.91746 4.6301e+07
   0.92986 5.1226e+07
   0.94226  5.653e+07
   0.95466 6.2232e+07
   0.96705  6.835e+07
   0.97945 7.4902e+07
   0.99185 8.1908e+07
    1.0042 8.9388e+07
    1.0166 9.7359e+07
     1.029 1.0584e+08
    1.0414 1.1486e+08
    1.0538 1.2443e+08
    1.0662 1.3457e+08
    1.0786 1.4531e+08
     1.091 1.5666e+08
    1.1034 1.6865e+08
    1.1158  1.813e+08
    1.1282 1.9463e+08
    1.1406 2.0865e+08
     1.153  2.234e+08
    1.1654  2.389e+08
    1.1778 2.5516e+08
    1.1902 2.7221e+08
    1.2026 2.9007e+08
     1.215 3.0877e+08
    1.2274 3.2832e+08
    1.2398 3.4875e+08
    1.2522 3.7008e+08
    1.2646 3.9234e+08
     1.277 4.1554e+08
    1.2894 4.3971e+08
    1.3018 4.6488e+08
    1.3142 4.9107e+08
    1.3266 5.1829e+08
     1.339 5.4657e+08
    1.3514 5.7594e+08
    1.3638 6.0642e+08
    1.3762 6.3803e+08
    1.3886  6.708e+08
     1.401 7.0474e+08
    1.4134 7.3989e+08
    1.4258 7.7625e+08
    1.4382 8.1387e+08
    1.4506 8.5275e+08
     1.463 8.9293e+08
    1.4754 9.3443e+08
    1.4878 9.7727e+08
    1.5002 1.0215e+09
    1.5126  1.067e+09
     1.525  1.114e+09
    1.5374 1.1624e+09
    1.5498 1.2123e+09
    1.5622 1.2637e+09
    1.5746 1.3165e+09
     1.587 1.3709e+09
    1.5994 1.4268e+09
    1.6118 1.4842e+09
    1.6242 1.5433e+09
    1.6366  1.604e+09
     1.649 1.6663e+09
    1.6613 1.7302e+09
    1.6737 1.7958e+09
    1.6861 1.8632e+09
    1.6985 1.9322e+09
    1.7109  2.003e+09
    1.7233 2.0755e+09
    1.7357 2.1498e+09
    1.7481 2.2259e+09
    1.7605 2.3039e+09
    1.7729 2.3836e+09
    1.7853 2.4653e+09
    1.7977 2.5488e+09
    1.8101 2.6343e+09
    1.8225 2.7216e+09
    1.8349 2.8109e+09
    1.8473 2.9022e+09
    1.8597 2.9954e+09
    1.8721 3.0907e+09
    1.8845  3.188e+09
    1.8969 3.2873e+09
    1.9093 3.3887e+09
    1.9217 3.4921e+09
    1.9341 3.5977e+09
    1.9465 3.7054e+09
    1.9589 3.8152e+09
    1.9713 3.9272e+09
    1.9837 4.0414e+09
    1.9961 4.1577e+09
    2.0085 4.2763e+09
    2.0209  4.397e+09
    2.0333 4.5201e+09
    2.0457 4.6453e+09
    2.0581 4.7729e+09
    2.0705 4.9028e+09
    2.0829 5.0349e+09
    2.0953 5.1694e+09
    2.1077 5.3063e+09
    2.1201 5.4455e+09
    2.1325 5.5871e+09
    2.1449 5.7311e+09
    2.1573 5.8775e+09
    2.1697 6.0263e+09
    2.1821 6.1776e+09
    2.1945 6.3313e+09
    2.2069 6.4875e+09
    2.2193 6.6462e+09
    2.2317 6.8074e+09
    2.2441 6.9711e+09
    2.2565 7.1373e+09
    2.2689 7.3061e+09
    2.2813 7.4775e+09
    2.2937 7.6514e+09
    2.3061 7.8279e+09
    2.3185  8.007e+09
    2.3308 8.1888e+09
    2.3432 8.3731e+09
    2.3556 8.5601e+09
     2.368 8.7498e+09
    2.3804 8.9421e+09
    2.3928 9.1371e+09
    2.4052 9.3348e+09
    2.4176 9.5352e+09
      2.43 9.7383e+09
    2.4424 9.9442e+09
    2.4548 1.0153e+10
    2.4672 1.0364e+10
    2.4796 1.0578e+10
     2.492 1.0795e+10
    2.5044 1.1015e+10
    2.5168 1.1237e+10
    2.5292 1.1463e+10
    2.5416 1.1691e+10
     2.554 1.1922e+10
    2.5664 1.2155e+10
    2.5788 1.2392e+10
    2.5912 1.2632e+10
    2.6036 1.2874e+10
     2.616 1.3119e+10
    2.6284 1.3367e+10
    2.6408 1.3618e+10
    2.6532 1.3872e+10
    2.6656 1.4129e+10
     2.678 1.4389e+10
    2.6904 1.4652e+10
    2.7028 1.4917e+10
    2.7152 1.5186e+10
    2.7276 1.5457e+10
      2.74 1.5732e+10
    2.7524  1.601e+10
    2.7648  1.629e+10
    2.7772 1.6574e+10
    2.7896  1.686e+10
     2.802  1.715e+10
    2.8144 1.7442e+10
    2.8268 1.7738e+10
    2.8392 1.8036e+10
    2.8516 1.8338e+10
     2.864 1.8643e+10
    2.8764 1.8951e+10
    2.8888 1.9261e+10
    2.9012 1.9575e+10
    2.9136 1.9892e+10
     2.926 2.0212e+10
    2.9384 2.0535e+10
    2.9508 2.0862e+10
    2.9632 2.1191e+10
    2.9756 2.1523e+10
     2.988 2.1859e+10
    3.0003 2.2197e+10
    3.0127 2.2539e+10
    3.0251 2.2884e+10
    3.0375 2.3232e+10
    3.0499 2.3583e+10
    3.0623 2.3937e+10
    3.0747 2.4295e+10
    3.0871 2.4655e+10
    3.0995 2.5019e+10
    3.1119 2.5386e+10
    3.1243 2.5756e+10
    3.1367 2.6129e+10
    3.1491 2.6505e+10
    3.1615 2.6885e+10
    3.1739 2.7267e+10
    3.1863 2.7653e+10
    3.1987 2.8042e+10
    3.2111 2.8434e+10
    3.2235  2.883e+10
    3.2359 2.9228e+10
    3.2483  2.963e+10
    3.2607 3.0035e+10
    3.2731 3.0443e+10
    3.2855 3.0855e+10
    3.2979 3.1269e+10
    3.3103 3.1687e+10
    3.3227 3.2108e+10
    3.3351 3.2532e+10
    3.3475  3.296e+10
    3.3599 3.3391e+10
    3.3723 3.3824e+10
    3.3847 3.4261e+10
    3.3971 3.4702e+10
    3.4095 3.5145e+10
    3.4219 3.5592e+10
    3.4343 3.6042e+10
    3.4467 3.6495e+10
    3.4591 3.6952e+10
    3.4715 3.7411e+10
    3.4839 3.7874e+10
    3.4963  3.834e+10
    3.5087  3.881e+10
    3.5211 3.9282e+10
    3.5335 3.9758e+10
    3.5459 4.0237e+10
    3.5583 4.0719e+10
    3.5707 4.1205e+10
    3.5831 4.1694e+10
    3.5955 4.2186e+10
    3.6079 4.2681e+10
    3.6203 4.3179e+10
    3.6327 4.3681e+10
    3.6451 4.4186e+10
    3.6574 4.4694e+10
    3.6698 4.5206e+10
    3.6822  4.572e+10
    3.6946 4.6238e+10
     3.707 4.6759e+10
    3.7194 4.7284e+10
    3.7318 4.7811e+10
    3.7442 4.8342e+10
    3.7566 4.8876e+10
     3.769 4.9413e+10
    3.7814 4.9954e+10
    3.7938 5.0498e+10
    3.8062 5.1045e+10
    3.8186 5.1595e+10
     3.831 5.2148e+10
    3.8434 5.2705e+10
    3.8558 5.3265e+10
    3.8682 5.3828e+10
    3.8806 5.4394e+10
     3.893 5.4964e+10
    3.9054 5.5536e+10
    3.9178 5.6112e+10
    3.9302 5.6691e+10
    3.9426 5.7274e+10
     3.955 5.7859e+10
    3.9674 5.8448e+10
    3.9798  5.904e+10
    3.9922 5.9635e+10
    4.0046 6.0234e+10
     4.017 6.0835e+10
    4.0294  6.144e+10
    4.0418 6.2048e+10
    4.0542 6.2659e+10
    4.0666 6.3274e+10
     4.079 6.3891e+10
    4.0914 6.4512e+10
    4.1038 6.5136e+10
    4.1162 6.5763e+10
    4.1286 6.6393e+10
     4.141 6.7027e+10
    4.1534 6.7663e+10
    4.1658 6.8303e+10
    4.1782 6.8946e+10
    4.1906 6.9592e+10
     4.203 7.0241e+10
    4.2154 7.0894e+10
    4.2278 7.1549e+10
    4.2402 7.2208e+10
    4.2526  7.287e+10
     4.265 7.3535e+10
    4.2774 7.4203e+10
    4.2898 7.4874e+10
    4.3022 7.5549e+10
    4.3146 7.6226e+10
    4.3269 7.6907e+10
    4.3393 7.7591e+10
    4.3517 7.8277e+10
    4.3641 7.8968e+10
    4.3765  7.966e+10
    4.3889 8.0357e+10
    4.4013 8.1056e+10
    4.4137 8.1759e+10
    4.4261 8.2464e+10
    4.4385 8.3173e+10
    4.4509 8.3884e+10
    4.4633 8.4599e+10
    4.4757 8.5317e+10
    4.4881 8.6038e+10
    4.5005 8.6762e+10
    4.5129 8.7489e+10
    4.5253  8.822e+10
    4.5377 8.8953e+10
    4.5501 8.9689e+10
    4.5625 9.0428e+10
    4.5749  9.117e+10
    4.5873 9.1916e+10
    4.5997 9.2664e+10
    4.6121 9.3416e+10
    4.6245  9.417e+10
    4.6369 9.4927e+10
    4.6493 9.5688e+10
    4.6617 9.6452e+10
    4.6741 9.7218e+10
    4.6865 9.7987e+10
    4.6989  9.876e+10
    4.7113 9.9536e+10
    4.7237 1.0031e+11
    4.7361  1.011e+11
    4.7485 1.0188e+11
    4.7609 1.0267e+11
    4.7733 1.0346e+11
    4.7857 1.0425e+11
    4.7981 1.0505e+11
    4.8105 1.0585e+11
    4.8229 1.0665e+11
    4.8353 1.0745e+11
    4.8477 1.0826e+11
    4.8601 1.0907e+11
    4.8725 1.0989e+11
    4.8849  1.107e+11
    4.8973 1.1152e+11
    4.9097 1.1235e+11
    4.9221 1.1317e+11
    4.9345   1.14e+11
    4.9469 1.1483e+11
    4.9593 1.1567e+11
    4.9717 1.1651e+11
     4.984 1.1735e+11
    4.9964 1.1819e+11
    5.0088 1.1903e+11
    5.0212 1.1988e+11
    5.0336 1.2073e+11
     5.046 1.2159e+11
    5.0584 1.2245e+11
    5.0708 1.2331e+11
    5.0832 1.2417e+11
    5.0956 1.2504e+11
     5.108  1.259e+11
    5.1204 1.2678e+11
    5.1328 1.2765e+11
    5.1452 1.2853e+11
    5.1576 1.2941e+11
      5.17 1.3029e+11
    5.1824 1.3118e+11
    5.1948 1.3206e+11
    5.2072 1.3295e+11
    5.2196 1.3385e+11
     5.232 1.3474e+11
    5.2444 1.3564e+11
    5.2568 1.3655e+11
    5.2692 1.3745e+11
    5.2816 1.3836e+11
     5.294 1.3927e+11
    5.3064 1.4018e+11
    5.3188  1.411e+11
    5.3312 1.4202e+11
    5.3436 1.4294e+11
     5.356 1.4386e+11
    5.3684 1.4479e+11
    5.3808 1.4572e+11
    5.3932 1.4665e+11
    5.4056 1.4759e+11
     5.418 1.4852e+11
    5.4304 1.4946e+11
    5.4428 1.5041e+11
    5.4552 1.5135e+11
    5.4676  1.523e+11
      5.48 1.5325e+11
    5.4924 1.5421e+11
    5.5048 1.5516e+11
    5.5172 1.5612e+11
    5.5296 1.5708e+11
     5.542 1.5805e+11
    5.5544 1.5901e+11
    5.5668 1.5998e+11
    5.5792 1.6095e+11
    5.5916 1.6193e+11
     5.604 1.6291e+11
    5.6164 1.6389e+11
    5.6288 1.6487e+11
    5.6412 1.6585e+11
    5.6535 1.6684e+11
    5.6659 1.6783e+11
    5.6783 1.6882e+11
    5.6907 1.6982e+11
    5.7031 1.7082e+11
    5.7155 1.7182e+11
    5.7279 1.7282e+11
    5.7403 1.7383e+11
    5.7527 1.7483e+11
    5.7651 1.7584e+11
    5.7775 1.7686e+11
    5.7899 1.7787e+11
    5.8023 1.7889e+11
    5.8147 1.7991e+11
    5.8271 1.8093e+11
    5.8395 1.8196e+11
    5.8519 1.8299e+11
    5.8643 1.8402e+11
    5.8767 1.8505e+11
    5.8891 1.8608e+11
    5.9015 1.8712e+11
    5.9139 1.8816e+11
    5.9263 1.8921e+11
    5.9387 1.9025e+11
    5.9511  1.913e+11
    5.9635 1.9235e+11
    5.9759  1.934e+11
    5.9883 1.9445e+11
    6.0007 1.9551e+11
    6.0131 1.9657e+11
    6.0255 1.9763e+11
    6.0379  1.987e+11
    6.0503 1.9976e+11
    6.0627 2.0083e+11
    6.0751  2.019e+11
    6.0875 2.0298e+11
    6.0999 2.0405e+11
    6.1123 2.0513e+11
    6.1247 2.0621e+11
    6.1371  2.073e+11
    6.1495 2.0838e+11
    6.1619 2.0947e+11
    6.1743 2.1056e+11
    6.1867 2.1165e+11
    6.1991 2.1275e+11
    6.2115 2.1384e+11
    6.2239 2.1494e+11
    6.2363 2.1605e+11
    6.2487 2.1715e+11
    6.2611 2.1826e+11
    6.2735 2.1936e+11
    6.2859 2.2047e+11
    6.2983 2.2159e+11
    6.3107  2.227e+11
     6.323 2.2382e+11
    6.3354 2.2494e+11
    6.3478 2.2606e+11
    6.3602 2.2719e+11
    6.3726 2.2831e+11
     6.385 2.2944e+11
    6.3974 2.3057e+11
    6.4098  2.317e+11
    6.4222 2.3284e+11
    6.4346 2.3398e+11
     6.447 2.3512e+11
    6.4594 2.3626e+11
    6.4718  2.374e+11
    6.4842 2.3855e+11
    6.4966 2.3969e+11
     6.509 2.4084e+11
    6.5214   2.42e+11
    6.5338 2.4315e+11
    6.5462 2.4431e+11
    6.5586 2.4547e+11
     6.571 2.4663e+11
    6.5834 2.4779e+11
    6.5958 2.4896e+11
    6.6082 2.5012e+11
    6.6206 2.5129e+11
     6.633 2.5246e+11
    6.6454 2.5364e+11
    6.6578 2.5481e+11
    6.6702 2.5599e+11
    6.6826 2.5717e+11
     6.695 2.5835e+11
    6.7074 2.5954e+11
    6.7198 2.6072e+11
    6.7322 2.6191e+11
    6.7446  2.631e+11
     6.757 2.6429e+11
    6.7694 2.6549e+11
    6.7818 2.6668e+11
    6.7942 2.6788e+11
    6.8066 2.6908e+11
     6.819 2.7028e+11
    6.8314 2.7149e+11
    6.8438 2.7269e+11
    6.8562  2.739e+11
    6.8686 2.7511e+11
     6.881 2.7632e+11
    6.8934 2.7754e+11
    6.9058 2.7875e+11
    6.9182 2.7997e+11
    6.9306 2.8119e+11
     6.943 2.8241e+11
    6.9554 2.8363e+11
    6.9678 2.8486e+11
    6.9801 2.8609e+11
    6.9925 2.8732e+11
    7.0049 2.8855e+11
    7.0173 2.8978e+11
    7.0297 2.9101e+11
    7.0421 2.9225e+11
    7.0545 2.9349e+11
    7.0669 2.9473e+11
    7.0793 2.9597e+11
    7.0917 2.9722e+11
    7.1041 2.9846e+11
    7.1165 2.9971e+11
    7.1289 3.0096e+11
    7.1413 3.0222e+11
    7.1537 3.0347e+11
    7.1661 3.0472e+11
    7.1785 3.0598e+11
    7.1909 3.0724e+11
    7.2033  3.085e+11
    7.2157 3.0976e+11
    7.2281 3.1103e+11
    7.2405  3.123e+11
    7.2529 3.1356e+11
    7.2653 3.1483e+11
    7.2777 3.1611e+11
    7.2901 3.1738e+11
    7.3025 3.1865e+11
    7.3149 3.1993e+11
    7.3273 3.2121e+11
    7.3397 3.2249e+11
    7.3521 3.2377e+11
    7.3645 3.2506e+11
    7.3769 3.2634e+11
    7.3893 3.2763e+11
    7.4017 3.2892e+11
    7.4141 3.3021e+11
    7.4265  3.315e+11
    7.4389  3.328e+11
    7.4513 3.3409e+11
    7.4637 3.3539e+11
    7.4761 3.3669e+11
    7.4885 3.3799e+11
    7.5009 3.3929e+11
    7.5133  3.406e+11
    7.5257  3.419e+11
    7.5381 3.4321e+11
    7.5505 3.4452e+11
    7.5629 3.4583e+11
    7.5753 3.4715e+11
    7.5877 3.4846e+11
    7.6001 3.4978e+11
    7.6125 3.5109e+11
    7.6249 3.5241e+11
    7.6373 3.5373e+11
    7.6496 3.5506e+11
     7.662 3.5638e+11
    7.6744 3.5771e+11
    7.6868 3.5903e+11
    7.6992 3.6036e+11
    7.7116 3.6169e+11
     7.724 3.6302e+11
    7.7364 3.6436e+11
    7.7488  3.657e+11
    7.7612 3.6703e+11
    7.7736 3.6837e+11
     7.786 3.6971e+11
    7.7984 3.7105e+11
    7.8108 3.7239e+11
    7.8232 3.7374e+11
    7.8356 3.7508e+11
     7.848 3.7643e+11
    7.8604 3.7778e+11
    7.8728 3.7913e+11
    7.8852 3.8048e+11
    7.8976 3.8184e+11
      7.91 3.8319e+11
    7.9224 3.8455e+11
    7.9348  3.859e+11
    7.9472 3.8727e+11
    7.9596 3.8863e+11
     7.972 3.8999e+11
    7.9844 3.9135e+11
    7.9968 3.9272e+11
    8.0092 3.9408e+11
    8.0216 3.9545e+11
     8.034 3.9682e+11
    8.0464 3.9819e+11
    8.0588 3.9957e+11
    8.0712 4.0094e+11
    8.0836 4.0232e+11
     8.096 4.0369e+11
    8.1084 4.0507e+11
    8.1208 4.0645e+11
    8.1332 4.0783e+11
    8.1456 4.0921e+11
     8.158  4.106e+11
    8.1704 4.1198e+11
    8.1828 4.1337e+11
    8.1952 4.1476e+11
    8.2076 4.1615e+11
      8.22 4.1754e+11
    8.2324 4.1893e+11
    8.2448 4.2032e+11
    8.2572 4.2172e+11
    8.2696 4.2311e+11
     8.282 4.2451e+11
    8.2944 4.2591e+11
    8.3067 4.2731e+11
    8.3191 4.2871e+11
    8.3315 4.3011e+11
    8.3439 4.3152e+11
    8.3563 4.3292e+11
    8.3687 4.3433e+11
    8.3811 4.3574e+11
    8.3935 4.3715e+11
    8.4059 4.3856e+11
    8.4183 4.3997e+11
    8.4307 4.4138e+11
    8.4431  4.428e+11
    8.4555 4.4421e+11
    8.4679 4.4563e+11
    8.4803 4.4705e+11
    8.4927 4.4847e+11
    8.5051 4.4989e+11
    8.5175 4.5131e+11
    8.5299 4.5273e+11
    8.5423 4.5416e+11
    8.5547 4.5558e+11
    8.5671 4.5701e+11
    8.5795 4.5844e+11
    8.5919 4.5987e+11
    8.6043  4.613e+11
    8.6167 4.6273e+11
    8.6291 4.6416e+11
    8.6415  4.656e+11
    8.6539 4.6703e+11
    8.6663 4.6847e+11
    8.6787 4.6991e+11
    8.6911 4.7135e+11
    8.7035 4.7279e+11
    8.7159 4.7423e+11
    8.7283 4.7567e+11
    8.7407 4.7711e+11
    8.7531 4.7856e+11
    8.7655    4.8e+11
    8.7779 4.8145e+11
    8.7903  4.829e+11
    8.8027 4.8435e+11
    8.8151  4.858e+11
    8.8275 4.8725e+11
    8.8399  4.887e+11
    8.8523 4.9016e+11
    8.8647 4.9161e+11
    8.8771 4.9307e+11
    8.8895 4.9452e+11
    8.9019 4.9598e+11
    8.9143 4.9744e+11
    8.9267  4.989e+11
    8.9391 5.0036e+11
    8.9515 5.0183e+11
    8.9639 5.0329e+11
    8.9762 5.0475e+11
    8.9886 5.0622e+11
     9.001 5.0769e+11
    9.0134 5.0916e+11
    9.0258 5.1063e+11
    9.0382  5.121e+11
    9.0506 5.1357e+11
     9.063 5.1504e+11
    9.0754 5.1651e+11
    9.0878 5.1799e+11
    9.1002 5.1946e+11
    9.1126 5.2094e+11
     9.125 5.2241e+11
    9.1374  5.239e+11
    9.1498 5.2537e+11
    9.1622 5.2685e+11
    9.1746 5.2834e+11
     9.187 5.2982e+11
    9.1994  5.313e+11
    9.2118 5.3279e+11
    9.2242 5.3427e+11
    9.2366 5.3576e+11
     9.249 5.3724e+11
    9.2614 5.3873e+11
    9.2738 5.4022e+11
    9.2862 5.4171e+11
    9.2986  5.432e+11
     9.311 5.4469e+11
    9.3234 5.4619e+11
    9.3358 5.4768e+11
    9.3482 5.4918e+11
    9.3606 5.5067e+11
     9.373 5.5217e+11
    9.3854 5.5367e+11
    9.3978 5.5517e+11
    9.4102 5.5667e+11
    9.4226 5.5817e+11
     9.435 5.5967e+11
    9.4474 5.6117e+11
    9.4598 5.6267e+11
    9.4722 5.6417e+11
    9.4846 5.6568e+11
     9.497 5.6719e+11
    9.5094 5.6869e+11
    9.5218  5.702e+11
    9.5342 5.7171e+11
    9.5466 5.7322e+11
     9.559 5.7473e+11
    9.5714 5.7624e+11
    9.5838 5.7776e+11
    9.5962 5.7927e+11
    9.6086 5.8078e+11
     9.621  5.823e+11
    9.6333 5.8381e+11
    9.6457 5.8533e+11
    9.6581 5.8685e+11
    9.6705 5.8837e+11
    9.6829 5.8988e+11
    9.6953  5.914e+11
    9.7077 5.9293e+11
    9.7201 5.9445e+11
    9.7325 5.9597e+11
    9.7449 5.9749e+11
    9.7573 5.9901e+11
    9.7697 6.0054e+11
    9.7821 6.0206e+11
    9.7945 6.0359e+11
    9.8069 6.0512e+11
    9.8193 6.0665e+11
    9.8317 6.0818e+11
    9.8441 6.0971e+11
    9.8565 6.1123e+11
    9.8689 6.1276e+11
    9.8813  6.143e+11
    9.8937 6.1583e+11
    9.9061 6.1736e+11
    9.9185  6.189e+11
    9.9309 6.2043e+11
    9.9433 6.2197e+11
    9.9557  6.235e+11
    9.9681 6.2504e+11
    9.9805 6.2657e+11
    9.9929 6.2812e+11
    10.005 6.2965e+11
    10.018 6.3119e+11
     10.03 6.3273e+11
    10.042 6.3428e+11
    10.055 6.3582e+11
    10.067 6.3736e+11
     10.08 6.3891e+11
    10.092 6.4045e+11
    10.104   6.42e+11
    10.117 6.4354e+11
    10.129 6.4509e+11
    10.142 6.4664e+11
    10.154 6.4818e+11
    10.166 6.4973e+11
    10.179 6.5128e+11
    10.191 6.5283e+11
    10.204 6.5438e+11
    10.216 6.5593e+11
    10.228 6.5748e+11
    10.241 6.5904e+11
    10.253 6.6059e+11
    10.266 6.6214e+11
    10.278  6.637e+11
     10.29 6.6525e+11
    10.303 6.6681e+11
    10.315 6.6837e+11
    10.328 6.6992e+11
     10.34 6.7148e+11
    10.352 6.7304e+11
    10.365  6.746e+11
    10.377 6.7616e+11
     10.39 6.7772e+11
    10.402 6.7928e+11
    10.414 6.8084e+11
    10.427  6.824e+11
    10.439 6.8396e+11
    10.452 6.8553e+11
    10.464 6.8709e+11
    10.476 6.8866e+11
    10.489 6.9022e+11
    10.501 6.9179e+11
    10.514 6.9335e+11
    10.526 6.9492e+11
    10.538 6.9649e+11
    10.551 6.9806e+11
    10.563 6.9963e+11
    10.576  7.012e+11
    10.588 7.0277e+11
      10.6 7.0433e+11
    10.613 7.0591e+11
    10.625 7.0748e+11
    10.638 7.0905e+11
     10.65 7.1062e+11
    10.662  7.122e+11
    10.675 7.1377e+11
    10.687 7.1534e+11
      10.7 7.1692e+11
    10.712 7.1849e+11
    10.724 7.2007e+11
    10.737 7.2165e+11
    10.749 7.2322e+11
    10.762  7.248e+11
    10.774 7.2638e+11
    10.786 7.2796e+11
    10.799 7.2954e+11
    10.811 7.3112e+11
    10.824  7.327e+11
    10.836 7.3428e+11
    10.848 7.3586e+11
    10.861 7.3744e+11
    10.873 7.3902e+11
    10.886  7.406e+11
    10.898 7.4219e+11
     10.91 7.4377e+11
    10.923 7.4536e+11
    10.935 7.4694e+11
    10.948 7.4853e+11
     10.96 7.5011e+11
    10.972 7.5169e+11
    10.985 7.5329e+11
    10.997 7.5487e+11
     11.01 7.5646e+11
    11.022 7.5805e+11
    11.034 7.5963e+11
    11.047 7.6122e+11
    11.059 7.6281e+11
    11.072  7.644e+11
    11.084 7.6599e+11
    11.096 7.6758e+11
    11.109 7.6917e+11
    11.121 7.7077e+11
    11.134 7.7236e+11
    11.146 7.7395e+11
    11.158 7.7554e+11
    11.171 7.7714e+11
    11.183 7.7873e+11
    11.196 7.8032e+11
    11.208 7.8192e+11
     11.22 7.8351e+11
    11.233 7.8511e+11
    11.245  7.867e+11
    11.258  7.883e+11
     11.27  7.899e+11
    11.282 7.9149e+11
    11.295 7.9309e+11
    11.307 7.9469e+11
    11.319 7.9629e+11
    11.332 7.9788e+11
    11.344 7.9948e+11
    11.357 8.0108e+11
    11.369 8.0268e+11
    11.381 8.0428e+11
    11.394 8.0588e+11
    11.406 8.0748e+11
    11.419 8.0909e+11
    11.431 8.1069e+11
    11.443 8.1229e+11
    11.456 8.1389e+11
    11.468 8.1549e+11
    11.481  8.171e+11
    11.493  8.187e+11
    11.505 8.2031e+11
    11.518 8.2191e+11
     11.53 8.2351e+11
    11.543 8.2512e+11
    11.555 8.2672e+11
    11.567 8.2833e+11
     11.58 8.2994e+11
    11.592 8.3154e+11
    11.605 8.3315e+11
    11.617 8.3475e+11
    11.629 8.3636e+11
    11.642 8.3796e+11
    11.654 8.3957e+11
    11.667 8.4118e+11
    11.679 8.4279e+11
    11.691  8.444e+11
    11.704 8.4601e+11
    11.716 8.4762e+11
    11.729 8.4923e+11
    11.741 8.5084e+11
    11.753 8.5245e+11
    11.766 8.5406e+11
    11.778 8.5567e+11
    11.791 8.5728e+11
    11.803 8.5889e+11
    11.815 8.6051e+11
    11.828 8.6212e+11
     11.84 8.6373e+11
    11.853 8.6534e+11
    11.865 8.6695e+11
    11.877 8.6857e+11
     11.89 8.7018e+11
    11.902 8.7179e+11
    11.915  8.734e+11
    11.927 8.7502e+11
    11.939 8.7664e+11
    11.952 8.7825e+11
    11.964 8.7986e+11
    11.977 8.8148e+11
    11.989  8.831e+11
    12.001 8.8471e+11
    12.014 8.8633e+11
    12.026 8.8794e+11
    12.039 8.8956e+11
    12.051 8.9117e+11
    12.063 8.9279e+11
    12.076 8.9441e+11
    12.088 8.9602e+11
    12.101 8.9764e+11
    12.113 8.9926e+11
    12.125 9.0088e+11
    12.138 9.0249e+11
     12.15 9.0411e+11
    12.163 9.0573e+11
    12.175 9.0735e+11
    12.187 9.0897e+11
      12.2 9.1059e+11
    12.212 9.1221e+11
    12.225 9.1383e+11
    12.237 9.1545e+11
    12.249 9.1707e+11
    12.262 9.1869e+11
    12.274 9.2031e+11
    12.287 9.2193e+11
    12.299 9.2355e+11
    12.311 9.2517e+11
    12.324  9.268e+11
    12.336 9.2842e+11
    12.349 9.3004e+11
    12.361 9.3166e+11
    12.373 9.3329e+11
    12.386 9.3491e+11
    12.398 9.3653e+11
    12.411 9.3815e+11
    12.423 9.3978e+11
    12.435  9.414e+11
    12.448 9.4302e+11
     12.46 9.4464e+11
    12.473 9.4627e+11
    12.485 9.4789e+11
    12.497 9.4951e+11
     12.51 9.5114e+11
    12.522 9.5276e+11
    12.535 9.5439e+11
    12.547 9.5601e+11
    12.559 9.5763e+11
    12.572 9.5926e+11
    12.584 9.6088e+11
    12.597 9.6251e+11
    12.609 9.6413e+11
    12.621 9.6576e+11
    12.634 9.6739e+11
    12.646 9.6901e+11
    12.658 9.7063e+11
    12.671 9.7226e+11
    12.683 9.7389e+11
    12.696 9.7551e+11
    12.708 9.7714e+11
     12.72 9.7877e+11
    12.733 9.8039e+11
    12.745 9.8202e+11
    12.758 9.8365e+11
     12.77 9.8527e+11
    12.782  9.869e+11
    12.795 9.8853e+11
    12.807 9.9015e+11
     12.82 9.9178e+11
    12.832 9.9341e+11
    12.844 9.9504e+11
    12.857 9.9666e+11
    12.869 9.9829e+11
    12.882 9.9992e+11
    12.894 1.0015e+12
    12.906 1.0032e+12
    12.919 1.0048e+12
    12.931 1.0064e+12
    12.944 1.0081e+12
    12.956 1.0097e+12
    12.968 1.0113e+12
    12.981 1.0129e+12
    12.993 1.0146e+12
    13.006 1.0162e+12
    13.018 1.0178e+12
     13.03 1.0195e+12
    13.043 1.0211e+12
    13.055 1.0227e+12
    13.068 1.0243e+12
     13.08  1.026e+12
    13.092 1.0276e+12
    13.105 1.0292e+12
    13.117 1.0309e+12
     13.13 1.0325e+12
    13.142 1.0341e+12
    13.154 1.0357e+12
    13.167 1.0374e+12
    13.179  1.039e+12
    13.192 1.0406e+12
    13.204 1.0423e+12
    13.216 1.0439e+12
    13.229 1.0455e+12
    13.241 1.0472e+12
    13.254 1.0488e+12
    13.266 1.0504e+12
    13.278  1.052e+12
    13.291 1.0537e+12
    13.303 1.0553e+12
    13.316 1.0569e+12
    13.328 1.0586e+12
     13.34 1.0602e+12
    13.353 1.0618e+12
    13.365 1.0635e+12
    13.378 1.0651e+12
     13.39 1.0667e+12
    13.402 1.0683e+12
    13.415   1.07e+12
    13.427 1.0716e+12
     13.44 1.0732e+12
    13.452 1.0749e+12
    13.464 1.0765e+12
    13.477 1.0781e+12
    13.489 1.0797e+12
    13.502 1.0814e+12
    13.514  1.083e+12
    13.526 1.0846e+12
    13.539 1.0863e+12
    13.551 1.0879e+12
    13.564 1.0895e+12
    13.576 1.0912e+12
    13.588 1.0928e+12
    13.601 1.0944e+12
    13.613  1.096e+12
    13.626 1.0977e+12
    13.638 1.0993e+12
     13.65 1.1009e+12
    13.663 1.1026e+12
    13.675 1.1042e+12
    13.688 1.1058e+12
      13.7 1.1075e+12
    13.712 1.1091e+12
    13.725 1.1107e+12
    13.737 1.1123e+12
     13.75  1.114e+12
    13.762 1.1156e+12
    13.774 1.1172e+12
    13.787 1.1189e+12
    13.799 1.1205e+12
    13.812 1.1221e+12
    13.824 1.1238e+12
    13.836 1.1254e+12
    13.849  1.127e+12
    13.861 1.1286e+12
    13.874 1.1303e+12
    13.886 1.1319e+12
    13.898 1.1335e+12
    13.911 1.1352e+12
    13.923 1.1368e+12
    13.936 1.1384e+12
    13.948 1.1401e+12
     13.96 1.1417e+12
    13.973 1.1433e+12
    13.985 1.1449e+12
    13.997 1.1466e+12
     14.01 1.1482e+12
    14.022 1.1498e+12
    14.035 1.1515e+12
    14.047 1.1531e+12
    14.059 1.1547e+12
    14.072 1.1563e+12
    14.084  1.158e+12
    14.097 1.1596e+12
    14.109 1.1612e+12
    14.121 1.1629e+12
    14.134 1.1645e+12
    14.146 1.1661e+12
    14.159 1.1677e+12
    14.171 1.1694e+12
    14.183  1.171e+12
    14.196 1.1726e+12
    14.208 1.1742e+12
    14.221 1.1759e+12
    14.233 1.1775e+12
    14.245 1.1791e+12
    14.258 1.1808e+12
     14.27 1.1824e+12
    14.283  1.184e+12
    14.295 1.1856e+12
    14.307 1.1873e+12
     14.32 1.1889e+12
    14.332 1.1905e+12
    14.345 1.1921e+12
    14.357 1.1938e+12
    14.369 1.1954e+12
    14.382  1.197e+12
    14.394 1.1987e+12
    14.407 1.2003e+12
    14.419 1.2019e+12
    14.431 1.2035e+12
    14.444 1.2052e+12
    14.456 1.2068e+12
    14.469 1.2084e+12
    14.481   1.21e+12
    14.493 1.2117e+12
    14.506 1.2133e+12
    14.518 1.2149e+12
    14.531 1.2165e+12
    14.543 1.2182e+12
    14.555 1.2198e+12
    14.568 1.2214e+12
     14.58  1.223e+12
    14.593 1.2247e+12
    14.605 1.2263e+12
    14.617 1.2279e+12
     14.63 1.2295e+12
    14.642 1.2312e+12
    14.655 1.2328e+12
    14.667 1.2344e+12
    14.679  1.236e+12
    14.692 1.2376e+12
    14.704 1.2393e+12
    14.717 1.2409e+12
    14.729 1.2425e+12
    14.741 1.2441e+12
    14.754 1.2458e+12
    14.766 1.2474e+12
    14.779  1.249e+12
    14.791 1.2506e+12
    14.803 1.2523e+12
    14.816 1.2539e+12
    14.828 1.2555e+12
    14.841 1.2571e+12
    14.853 1.2587e+12
    14.865 1.2604e+12
    14.878  1.262e+12
     14.89 1.2636e+12
    14.903 1.2652e+12
    14.915 1.2668e+12
    14.927 1.2685e+12
     14.94 1.2701e+12
    14.952 1.2717e+12
    14.965 1.2733e+12
    14.977 1.2749e+12
    14.989 1.2766e+12
    15.002 1.2782e+12
    15.014 1.2798e+12
    15.027 1.2814e+12
    15.039  1.283e+12
    15.051 1.2847e+12
    15.064 1.2863e+12
    15.076 1.2879e+12
    15.089 1.2895e+12
    15.101 1.2911e+12
    15.113 1.2928e+12
    15.126 1.2944e+12
    15.138  1.296e+12
    15.151 1.2976e+12
    15.163 1.2992e+12
    15.175 1.3008e+12
    15.188 1.3025e+12
      15.2 1.3041e+12
    15.213 1.3057e+12
    15.225 1.3073e+12
    15.237 1.3089e+12
     15.25 1.3105e+12
    15.262 1.3122e+12
    15.275 1.3138e+12
    15.287 1.3154e+12
    15.299  1.317e+12
    15.312 1.3186e+12
    15.324 1.3202e+12
    15.336 1.3218e+12
    15.349 1.3235e+12
    15.361 1.3251e+12
    15.374 1.3267e+12
    15.386 1.3283e+12
    15.398 1.3299e+12
    15.411 1.3315e+12
    15.423 1.3331e+12
    15.436 1.3347e+12
    15.448 1.3364e+12
     15.46  1.338e+12
    15.473 1.3396e+12
    15.485 1.3412e+12
    15.498 1.3428e+12
     15.51 1.3444e+12
    15.522  1.346e+12
    15.535 1.3476e+12
    15.547 1.3493e+12
     15.56 1.3509e+12
    15.572 1.3525e+12
    15.584 1.3541e+12
    15.597 1.3557e+12
    15.609 1.3573e+12
    15.622 1.3589e+12
    15.634 1.3605e+12
    15.646 1.3621e+12
    15.659 1.3637e+12
    15.671 1.3654e+12
    15.684  1.367e+12
    15.696 1.3686e+12
    15.708 1.3702e+12
    15.721 1.3718e+12
    15.733 1.3734e+12
    15.746  1.375e+12
    15.758 1.3766e+12
     15.77 1.3782e+12
    15.783 1.3798e+12
    15.795 1.3814e+12
    15.808  1.383e+12
     15.82 1.3846e+12
    15.832 1.3863e+12
    15.845 1.3879e+12
    15.857 1.3895e+12
     15.87 1.3911e+12
    15.882 1.3927e+12
    15.894 1.3943e+12
    15.907 1.3959e+12
    15.919 1.3975e+12
    15.932 1.3991e+12
    15.944 1.4007e+12
    15.956 1.4023e+12
    15.969 1.4039e+12
    15.981 1.4055e+12
    15.994 1.4071e+12
    16.006 1.4087e+12
    16.018 1.4103e+12
    16.031 1.4119e+12
    16.043 1.4135e+12
    16.056 1.4151e+12
    16.068 1.4167e+12
     16.08 1.4183e+12
    16.093 1.4199e+12
    16.105 1.4215e+12
    16.118 1.4231e+12
     16.13 1.4247e+12
    16.142 1.4263e+12
    16.155 1.4279e+12
    16.167 1.4295e+12
     16.18 1.4311e+12
    16.192 1.4327e+12
    16.204 1.4343e+12
    16.217 1.4359e+12
    16.229 1.4375e+12
    16.242 1.4391e+12
    16.254 1.4407e+12
    16.266 1.4423e+12
    16.279 1.4439e+12
    16.291 1.4455e+12
    16.304 1.4471e+12
    16.316 1.4487e+12
    16.328 1.4503e+12
    16.341 1.4519e+12
    16.353 1.4535e+12
    16.366 1.4551e+12
    16.378 1.4567e+12
     16.39 1.4583e+12
    16.403 1.4599e+12
    16.415 1.4614e+12
    16.428  1.463e+12
     16.44 1.4646e+12
    16.452 1.4662e+12
    16.465 1.4678e+12
    16.477 1.4694e+12
     16.49  1.471e+12
    16.502 1.4726e+12
    16.514 1.4742e+12
    16.527 1.4758e+12
    16.539 1.4774e+12
    16.552  1.479e+12
    16.564 1.4805e+12
    16.576 1.4821e+12
    16.589 1.4837e+12
    16.601 1.4853e+12
    16.613 1.4869e+12
    16.626 1.4885e+12
    16.638 1.4901e+12
    16.651 1.4917e+12
    16.663 1.4933e+12
    16.675 1.4948e+12
    16.688 1.4964e+12
      16.7  1.498e+12
    16.713 1.4996e+12
    16.725 1.5012e+12
    16.737 1.5028e+12
     16.75 1.5044e+12
    16.762  1.506e+12
    16.775 1.5075e+12
    16.787 1.5091e+12
    16.799 1.5107e+12
    16.812 1.5123e+12
    16.824 1.5139e+12
    16.837 1.5155e+12
    16.849  1.517e+12
    16.861 1.5186e+12
    16.874 1.5202e+12
    16.886 1.5218e+12
    16.899 1.5234e+12
    16.911  1.525e+12
    16.923 1.5265e+12
    16.936 1.5281e+12
    16.948 1.5297e+12
    16.961 1.5313e+12
    16.973 1.5329e+12
    16.985 1.5344e+12
    16.998  1.536e+12
     17.01 1.5376e+12
    17.023 1.5392e+12
    17.035 1.5408e+12
    17.047 1.5423e+12
     17.06 1.5439e+12
    17.072 1.5455e+12
    17.085 1.5471e+12
    17.097 1.5486e+12
    17.109 1.5502e+12
    17.122 1.5518e+12
    17.134 1.5534e+12
    17.147  1.555e+12
    17.159 1.5565e+12
    17.171 1.5581e+12
    17.184 1.5597e+12
    17.196 1.5613e+12
    17.209 1.5628e+12
    17.221 1.5644e+12
    17.233  1.566e+12
    17.246 1.5676e+12
    17.258 1.5691e+12
    17.271 1.5707e+12
    17.283 1.5723e+12
    17.295 1.5738e+12
    17.308 1.5754e+12
     17.32  1.577e+12
    17.333 1.5786e+12
    17.345 1.5801e+12
    17.357 1.5817e+12
     17.37 1.5833e+12
    17.382 1.5848e+12
    17.395 1.5864e+12
    17.407  1.588e+12
    17.419 1.5896e+12
    17.432 1.5911e+12
    17.444 1.5927e+12
    17.457 1.5943e+12
    17.469 1.5958e+12
    17.481 1.5974e+12
    17.494  1.599e+12
    17.506 1.6005e+12
    17.519 1.6021e+12
    17.531 1.6036e+12
    17.543 1.6052e+12
    17.556 1.6068e+12
    17.568 1.6083e+12
    17.581 1.6099e+12
    17.593 1.6115e+12
    17.605  1.613e+12
    17.618 1.6146e+12
     17.63 1.6162e+12
    17.643 1.6177e+12
    17.655 1.6193e+12
    17.667 1.6209e+12
     17.68 1.6224e+12
    17.692  1.624e+12
    17.705 1.6255e+12
    17.717 1.6271e+12
    17.729 1.6287e+12
    17.742 1.6302e+12
    17.754 1.6318e+12
    17.767 1.6333e+12
    17.779 1.6349e+12
    17.791 1.6365e+12
    17.804  1.638e+12
    17.816 1.6396e+12
    17.829 1.6411e+12
    17.841 1.6427e+12
    17.853 1.6442e+12
    17.866 1.6458e+12
    17.878 1.6474e+12
    17.891 1.6489e+12
    17.903 1.6505e+12
    17.915  1.652e+12
    17.928 1.6536e+12
     17.94 1.6551e+12
    17.952 1.6567e+12
    17.965 1.6582e+12
    17.977 1.6598e+12
     17.99 1.6613e+12
    18.002 1.6629e+12
    18.014 1.6644e+12
    18.027  1.666e+12
    18.039 1.6675e+12
    18.052 1.6691e+12
    18.064 1.6707e+12
    18.076 1.6722e+12
    18.089 1.6738e+12
    18.101 1.6753e+12
    18.114 1.6769e+12
    18.126 1.6784e+12
    18.138   1.68e+12
    18.151 1.6815e+12
    18.163 1.6831e+12
    18.176 1.6846e+12
    18.188 1.6861e+12
      18.2 1.6877e+12
    18.213 1.6892e+12
    18.225 1.6908e+12
    18.238 1.6923e+12
     18.25 1.6939e+12
    18.262 1.6954e+12
    18.275  1.697e+12
    18.287 1.6985e+12
      18.3 1.7001e+12
    18.312 1.7016e+12
    18.324 1.7031e+12
    18.337 1.7047e+12
    18.349 1.7062e+12
    18.362 1.7078e+12
    18.374 1.7093e+12
    18.386 1.7109e+12
    18.399 1.7124e+12
    18.411 1.7139e+12
    18.424 1.7155e+12
    18.436  1.717e+12
    18.448 1.7185e+12
    18.461 1.7201e+12
    18.473 1.7216e+12
    18.486 1.7232e+12
    18.498 1.7247e+12
     18.51 1.7262e+12
    18.523 1.7278e+12
    18.535 1.7293e+12
    18.548 1.7308e+12
     18.56 1.7324e+12
    18.572 1.7339e+12
    18.585 1.7355e+12
    18.597  1.737e+12
     18.61 1.7385e+12
    18.622 1.7401e+12
    18.634 1.7416e+12
    18.647 1.7431e+12
    18.659 1.7447e+12
    18.672 1.7462e+12
    18.684 1.7477e+12
    18.696 1.7493e+12
    18.709 1.7508e+12
    18.721 1.7523e+12
    18.734 1.7538e+12
    18.746 1.7554e+12
    18.758 1.7569e+12
    18.771 1.7584e+12
    18.783   1.76e+12
    18.796 1.7615e+12
    18.808  1.763e+12
     18.82 1.7645e+12
    18.833 1.7661e+12
    18.845 1.7676e+12
    18.858 1.7691e+12
     18.87 1.7707e+12
    18.882 1.7722e+12
    18.895 1.7737e+12
    18.907 1.7752e+12
     18.92 1.7768e+12
    18.932 1.7783e+12
    18.944 1.7798e+12
    18.957 1.7813e+12
    18.969 1.7829e+12
    18.982 1.7844e+12
    18.994 1.7859e+12
    19.006 1.7874e+12
    19.019 1.7889e+12
    19.031 1.7905e+12
    19.044  1.792e+12
    19.056 1.7935e+12
    19.068  1.795e+12
    19.081 1.7965e+12
    19.093 1.7981e+12
    19.106 1.7996e+12
    19.118 1.8011e+12
     19.13 1.8026e+12
    19.143 1.8041e+12
    19.155 1.8057e+12
    19.168 1.8072e+12
     19.18 1.8087e+12
    19.192 1.8102e+12
    19.205 1.8117e+12
    19.217 1.8132e+12
     19.23 1.8148e+12
    19.242 1.8163e+12
    19.254 1.8178e+12
    19.267 1.8193e+12
    19.279 1.8208e+12
    19.291 1.8223e+12
    19.304 1.8238e+12
    19.316 1.8253e+12
    19.329 1.8269e+12
    19.341 1.8284e+12
    19.353 1.8299e+12
    19.366 1.8314e+12
    19.378 1.8329e+12
    19.391 1.8344e+12
    19.403 1.8359e+12
    19.415 1.8374e+12
    19.428 1.8389e+12
     19.44 1.8404e+12
    19.453  1.842e+12
    19.465 1.8435e+12
    19.477  1.845e+12
     19.49 1.8465e+12
    19.502  1.848e+12
    19.515 1.8495e+12
    19.527  1.851e+12
    19.539 1.8525e+12
    19.552  1.854e+12
    19.564 1.8555e+12
    19.577  1.857e+12
    19.589 1.8585e+12
    19.601   1.86e+12
    19.614 1.8615e+12
    19.626  1.863e+12
    19.639 1.8645e+12
    19.651  1.866e+12
    19.663 1.8675e+12
    19.676  1.869e+12
    19.688 1.8705e+12
    19.701  1.872e+12
    19.713 1.8735e+12
    19.725  1.875e+12
    19.738 1.8765e+12
     19.75  1.878e+12
    19.763 1.8795e+12
    19.775  1.881e+12
    19.787 1.8825e+12
      19.8  1.884e+12
    19.812 1.8855e+12
    19.825  1.887e+12
    19.837 1.8885e+12
    19.849   1.89e+12
    19.862 1.8915e+12
    19.874  1.893e+12
    19.887 1.8945e+12
    19.899  1.896e+12
    19.911 1.8974e+12
    19.924 1.8989e+12
    19.936 1.9004e+12
    19.949 1.9019e+12
    19.961 1.9034e+12
    19.973 1.9049e+12
    19.986 1.9064e+12
    19.998 1.9079e+12
    20.011 1.9094e+12
    20.023 1.9109e+12
    20.035 1.9124e+12
    20.048 1.9138e+12
     20.06 1.9153e+12
    20.073 1.9168e+12
    20.085 1.9183e+12
    20.097 1.9198e+12
     20.11 1.9213e+12
    20.122 1.9228e+12
    20.135 1.9242e+12
    20.147 1.9257e+12
    20.159 1.9272e+12
    20.172 1.9287e+12
    20.184 1.9302e+12
    20.197 1.9317e+12
    20.209 1.9331e+12
    20.221 1.9346e+12
    20.234 1.9361e+12
    20.246 1.9376e+12
    20.259 1.9391e+12
    20.271 1.9406e+12
    20.283  1.942e+12
    20.296 1.9435e+12
    20.308  1.945e+12
    20.321 1.9465e+12
    20.333 1.9479e+12
    20.345 1.9494e+12
    20.358 1.9509e+12
     20.37 1.9524e+12
    20.383 1.9539e+12
    20.395 1.9553e+12
    20.407 1.9568e+12
     20.42 1.9583e+12
    20.432 1.9597e+12
    20.445 1.9612e+12
    20.457 1.9627e+12
    20.469 1.9642e+12
    20.482 1.9656e+12
    20.494 1.9671e+12
    20.507 1.9686e+12
    20.519 1.9701e+12
    20.531 1.9715e+12
    20.544  1.973e+12
    20.556 1.9745e+12
    20.569  1.976e+12
    20.581 1.9774e+12
    20.593 1.9789e+12
    20.606 1.9804e+12
    20.618 1.9818e+12
     20.63 1.9833e+12
    20.643 1.9848e+12
    20.655 1.9862e+12
    20.668 1.9877e+12
     20.68 1.9892e+12
    20.692 1.9906e+12
    20.705 1.9921e+12
    20.717 1.9936e+12
     20.73  1.995e+12
    20.742 1.9965e+12
    20.754  1.998e+12
    20.767 1.9994e+12
    20.779 2.0009e+12
    20.792 2.0023e+12
    20.804 2.0038e+12
    20.816 2.0053e+12
    20.829 2.0067e+12
    20.841 2.0082e+12
    20.854 2.0097e+12
    20.866 2.0111e+12
    20.878 2.0126e+12
    20.891  2.014e+12
    20.903 2.0155e+12
    20.916 2.0169e+12
    20.928 2.0184e+12
     20.94 2.0199e+12
    20.953 2.0213e+12
    20.965 2.0228e+12
    20.978 2.0242e+12
     20.99 2.0257e+12
    21.002 2.0271e+12
    21.015 2.0286e+12
    21.027   2.03e+12
     21.04 2.0315e+12
    21.052  2.033e+12
    21.064 2.0344e+12
    21.077 2.0359e+12
    21.089 2.0373e+12
    21.102 2.0388e+12
    21.114 2.0402e+12
    21.126 2.0417e+12
    21.139 2.0431e+12
    21.151 2.0446e+12
    21.164  2.046e+12
    21.176 2.0475e+12
    21.188 2.0489e+12
    21.201 2.0504e+12
    21.213 2.0518e+12
    21.226 2.0533e+12
    21.238 2.0547e+12
     21.25 2.0562e+12
    21.263 2.0576e+12
    21.275  2.059e+12
    21.288 2.0605e+12
      21.3 2.0619e+12
    21.312 2.0634e+12
    21.325 2.0648e+12
    21.337 2.0663e+12
     21.35 2.0677e+12
    21.362 2.0691e+12
    21.374 2.0706e+12
    21.387  2.072e+12
    21.399 2.0735e+12
    21.412 2.0749e+12
    21.424 2.0764e+12
    21.436 2.0778e+12
    21.449 2.0792e+12
    21.461 2.0807e+12
    21.474 2.0821e+12
    21.486 2.0836e+12
    21.498  2.085e+12
    21.511 2.0864e+12
    21.523 2.0879e+12
    21.536 2.0893e+12
    21.548 2.0907e+12
     21.56 2.0922e+12
    21.573 2.0936e+12
    21.585  2.095e+12
    21.598 2.0965e+12
     21.61 2.0979e+12
    21.622 2.0993e+12
    21.635 2.1008e+12
    21.647 2.1022e+12
     21.66 2.1036e+12
    21.672 2.1051e+12
    21.684 2.1065e+12
    21.697 2.1079e+12
    21.709 2.1094e+12
    21.722 2.1108e+12
    21.734 2.1122e+12
    21.746 2.1137e+12
    21.759 2.1151e+12
    21.771 2.1165e+12
    21.784 2.1179e+12
    21.796 2.1194e+12
    21.808 2.1208e+12
    21.821 2.1222e+12
    21.833 2.1236e+12
    21.846 2.1251e+12
    21.858 2.1265e+12
     21.87 2.1279e+12
    21.883 2.1293e+12
    21.895 2.1308e+12
    21.908 2.1322e+12
     21.92 2.1336e+12
    21.932  2.135e+12
    21.945 2.1365e+12
    21.957 2.1379e+12
    21.969 2.1393e+12
    21.982 2.1407e+12
    21.994 2.1421e+12
    22.007 2.1436e+12
    22.019  2.145e+12
    22.031 2.1464e+12
    22.044 2.1478e+12
    22.056 2.1492e+12
    22.069 2.1507e+12
    22.081 2.1521e+12
    22.093 2.1535e+12
    22.106 2.1549e+12
    22.118 2.1563e+12
    22.131 2.1577e+12
    22.143 2.1591e+12
    22.155 2.1606e+12
    22.168  2.162e+12
     22.18 2.1634e+12
    22.193 2.1648e+12
    22.205 2.1662e+12
    22.217 2.1676e+12
     22.23  2.169e+12
    22.242 2.1704e+12
    22.255 2.1719e+12
    22.267 2.1733e+12
    22.279 2.1747e+12
    22.292 2.1761e+12
    22.304 2.1775e+12
    22.317 2.1789e+12
    22.329 2.1803e+12
    22.341 2.1817e+12
    22.354 2.1831e+12
    22.366 2.1845e+12
    22.379 2.1859e+12
    22.391 2.1874e+12
    22.403 2.1888e+12
    22.416 2.1902e+12
    22.428 2.1916e+12
    22.441  2.193e+12
    22.453 2.1944e+12
    22.465 2.1958e+12
    22.478 2.1972e+12
     22.49 2.1986e+12
    22.503    2.2e+12
    22.515 2.2014e+12
    22.527 2.2028e+12
     22.54 2.2042e+12
    22.552 2.2056e+12
    22.565  2.207e+12
    22.577 2.2084e+12
    22.589 2.2098e+12
    22.602 2.2112e+12
    22.614 2.2126e+12
    22.627  2.214e+12
    22.639 2.2154e+12
    22.651 2.2168e+12
    22.664 2.2182e+12
    22.676 2.2196e+12
    22.689  2.221e+12
    22.701 2.2224e+12
    22.713 2.2238e+12
    22.726 2.2252e+12
    22.738 2.2265e+12
    22.751 2.2279e+12
    22.763 2.2293e+12
    22.775 2.2307e+12
    22.788 2.2321e+12
      22.8 2.2335e+12
    22.813 2.2349e+12
    22.825 2.2363e+12
    22.837 2.2377e+12
     22.85 2.2391e+12
    22.862 2.2405e+12
    22.875 2.2418e+12
    22.887 2.2432e+12
    22.899 2.2446e+12
    22.912  2.246e+12
    22.924 2.2474e+12
    22.937 2.2488e+12
    22.949 2.2502e+12
    22.961 2.2516e+12
    22.974 2.2529e+12
    22.986 2.2543e+12
    22.999 2.2557e+12
    23.011 2.2571e+12
    23.023 2.2585e+12
    23.036 2.2599e+12
    23.048 2.2612e+12
    23.061 2.2626e+12
    23.073  2.264e+12
    23.085 2.2654e+12
    23.098 2.2668e+12
     23.11 2.2681e+12
    23.123 2.2695e+12
    23.135 2.2709e+12
    23.147 2.2723e+12
     23.16 2.2737e+12
    23.172  2.275e+12
    23.185 2.2764e+12
    23.197 2.2778e+12
    23.209 2.2792e+12
    23.222 2.2805e+12
    23.234 2.2819e+12
    23.247 2.2833e+12
    23.259 2.2847e+12
    23.271  2.286e+12
    23.284 2.2874e+12
    23.296 2.2888e+12
    23.308 2.2902e+12
    23.321 2.2915e+12
    23.333 2.2929e+12
    23.346 2.2943e+12
    23.358 2.2957e+12
     23.37  2.297e+12
    23.383 2.2984e+12
    23.395 2.2998e+12
    23.408 2.3011e+12
     23.42 2.3025e+12
    23.432 2.3039e+12
    23.445 2.3052e+12
    23.457 2.3066e+12
     23.47  2.308e+12
    23.482 2.3093e+12
    23.494 2.3107e+12
    23.507 2.3121e+12
    23.519 2.3135e+12
    23.532 2.3148e+12
    23.544 2.3162e+12
    23.556 2.3175e+12
    23.569 2.3189e+12
    23.581 2.3203e+12
    23.594 2.3216e+12
    23.606  2.323e+12
    23.618 2.3244e+12
    23.631 2.3257e+12
    23.643 2.3271e+12
    23.656 2.3284e+12
    23.668 2.3298e+12
     23.68 2.3312e+12
    23.693 2.3325e+12
    23.705 2.3339e+12
    23.718 2.3352e+12
     23.73 2.3366e+12
    23.742 2.3379e+12
    23.755 2.3393e+12
    23.767 2.3407e+12
     23.78  2.342e+12
    23.792 2.3434e+12
    23.804 2.3447e+12
    23.817 2.3461e+12
    23.829 2.3474e+12
    23.842 2.3488e+12
    23.854 2.3502e+12
    23.866 2.3515e+12
    23.879 2.3529e+12
    23.891 2.3542e+12
    23.904 2.3556e+12
    23.916 2.3569e+12
    23.928 2.3583e+12
    23.941 2.3596e+12
    23.953  2.361e+12
    23.966 2.3623e+12
    23.978 2.3637e+12
     23.99  2.365e+12
    24.003 2.3664e+12
    24.015 2.3677e+12
    24.028  2.369e+12
     24.04 2.3704e+12
    24.052 2.3717e+12
    24.065 2.3731e+12
    24.077 2.3744e+12
     24.09 2.3758e+12
    24.102 2.3771e+12
    24.114 2.3785e+12
    24.127 2.3798e+12
    24.139 2.3811e+12
    24.152 2.3825e+12
    24.164 2.3838e+12
    24.176 2.3852e+12
    24.189 2.3865e+12
    24.201 2.3879e+12
    24.214 2.3892e+12
    24.226 2.3906e+12
    24.238 2.3919e+12
    24.251 2.3932e+12
    24.263 2.3945e+12
    24.276 2.3959e+12
    24.288 2.3972e+12
      24.3 2.3986e+12
    24.313 2.3999e+12
    24.325 2.4013e+12
    24.338 2.4026e+12
     24.35 2.4039e+12
    24.362 2.4053e+12
    24.375 2.4066e+12
    24.387 2.4079e+12
      24.4 2.4093e+12
    24.412 2.4106e+12
    24.424 2.4119e+12
    24.437 2.4133e+12
    24.449 2.4146e+12
    24.462 2.4159e+12
    24.474 2.4173e+12
    24.486 2.4186e+12
    24.499 2.4199e+12
    24.511 2.4212e+12
    24.524 2.4226e+12
    24.536 2.4239e+12
    24.548 2.4252e+12
    24.561 2.4266e+12
    24.573 2.4279e+12
    24.585 2.4292e+12
    24.598 2.4305e+12
     24.61 2.4319e+12
    24.623 2.4332e+12
    24.635 2.4345e+12
    24.647 2.4358e+12
     24.66 2.4372e+12
    24.672 2.4385e+12
    24.685 2.4398e+12
    24.697 2.4411e+12
    24.709 2.4425e+12
    24.722 2.4438e+12
    24.734 2.4451e+12
    24.747 2.4464e+12
    24.759 2.4478e+12
    24.771 2.4491e+12
    24.784 2.4504e+12
    24.796 2.4517e+12
    24.809  2.453e+12
    24.821 2.4543e+12
    24.833 2.4557e+12
    24.846  2.457e+12
    24.858 2.4583e+12
    24.871 2.4596e+12
    24.883 2.4609e+12
    24.895 2.4623e+12
    24.908 2.4636e+12
     24.92 2.4649e+12
    24.933 2.4662e+12
    24.945 2.4675e+12
    24.957 2.4688e+12
     24.97 2.4701e+12
    24.982 2.4715e+12
    24.995 2.4728e+12
    25.007 2.4741e+12
    25.019 2.4754e+12
    25.032 2.4767e+12
    25.044  2.478e+12
    25.057 2.4793e+12
    25.069 2.4806e+12
    25.081 2.4819e+12
    25.094 2.4833e+12
    25.106 2.4846e+12
    25.119 2.4859e+12
    25.131 2.4872e+12
    25.143 2.4885e+12
    25.156 2.4898e+12
    25.168 2.4911e+12
    25.181 2.4924e+12
    25.193 2.4937e+12
    25.205  2.495e+12
    25.218 2.4963e+12
     25.23 2.4976e+12
    25.243 2.4989e+12
    25.255 2.5002e+12
    25.267 2.5015e+12
     25.28 2.5028e+12
    25.292 2.5041e+12
    25.305 2.5054e+12
    25.317 2.5068e+12
    25.329  2.508e+12
    25.342 2.5093e+12
    25.354 2.5107e+12
    25.367 2.5119e+12
    25.379 2.5132e+12
    25.391 2.5145e+12
    25.404 2.5158e+12
    25.416 2.5171e+12
    25.429 2.5184e+12
    25.441 2.5197e+12
    25.453  2.521e+12
    25.466 2.5223e+12
    25.478 2.5236e+12
    25.491 2.5249e+12
    25.503 2.5262e+12
    25.515 2.5275e+12
    25.528 2.5288e+12
     25.54 2.5301e+12
    25.553 2.5314e+12
    25.565 2.5327e+12
    25.577  2.534e+12
     25.59 2.5353e+12
    25.602 2.5365e+12
    25.615 2.5378e+12
    25.627 2.5391e+12
    25.639 2.5404e+12
    25.652 2.5417e+12
    25.664  2.543e+12
    25.677 2.5443e+12
    25.689 2.5456e+12
    25.701 2.5469e+12
    25.714 2.5482e+12
    25.726 2.5494e+12
    25.739 2.5507e+12
    25.751  2.552e+12
    25.763 2.5533e+12
    25.776 2.5546e+12
    25.788 2.5559e+12
    25.801 2.5571e+12
    25.813 2.5584e+12
    25.825 2.5597e+12
    25.838  2.561e+12
     25.85 2.5623e+12
    25.863 2.5636e+12
    25.875 2.5648e+12
    25.887 2.5661e+12
      25.9 2.5674e+12
    25.912 2.5687e+12
    25.924   2.57e+12
    25.937 2.5712e+12
    25.949 2.5725e+12
    25.962 2.5738e+12
    25.974 2.5751e+12
    25.986 2.5764e+12
    25.999 2.5776e+12
    26.011 2.5789e+12
    26.024 2.5802e+12
    26.036 2.5815e+12
    26.048 2.5827e+12
    26.061  2.584e+12
    26.073 2.5853e+12
    26.086 2.5866e+12
    26.098 2.5878e+12
     26.11 2.5891e+12
    26.123 2.5904e+12
    26.135 2.5916e+12
    26.148 2.5929e+12
     26.16 2.5942e+12
    26.172 2.5955e+12
    26.185 2.5967e+12
    26.197  2.598e+12
     26.21 2.5993e+12
    26.222 2.6005e+12
    26.234 2.6018e+12
    26.247 2.6031e+12
    26.259 2.6044e+12
    26.272 2.6056e+12
    26.284 2.6069e+12
    26.296 2.6082e+12
    26.309 2.6094e+12
    26.321 2.6107e+12
    26.334  2.612e+12
    26.346 2.6132e+12
    26.358 2.6145e+12
    26.371 2.6157e+12
    26.383  2.617e+12
    26.396 2.6183e+12
    26.408 2.6195e+12
     26.42 2.6208e+12
    26.433 2.6221e+12
    26.445 2.6233e+12
    26.458 2.6246e+12
     26.47 2.6259e+12
    26.482 2.6271e+12
    26.495 2.6284e+12
    26.507 2.6296e+12
     26.52 2.6309e+12
    26.532 2.6321e+12
    26.544 2.6334e+12
    26.557 2.6347e+12
    26.569 2.6359e+12
    26.582 2.6372e+12
    26.594 2.6384e+12
    26.606 2.6397e+12
    26.619 2.6409e+12
    26.631 2.6422e+12
    26.644 2.6434e+12
    26.656 2.6447e+12
    26.668  2.646e+12
    26.681 2.6472e+12
    26.693 2.6485e+12
    26.706 2.6497e+12
    26.718  2.651e+12
     26.73 2.6522e+12
    26.743 2.6535e+12
    26.755 2.6547e+12
    26.768  2.656e+12
     26.78 2.6572e+12
    26.792 2.6585e+12
    26.805 2.6597e+12
    26.817  2.661e+12
     26.83 2.6622e+12
    26.842 2.6635e+12
    26.854 2.6647e+12
    26.867  2.666e+12
    26.879 2.6672e+12
    26.892 2.6684e+12
    26.904 2.6697e+12
    26.916 2.6709e+12
    26.929 2.6722e+12
    26.941 2.6734e+12
    26.954 2.6747e+12
    26.966 2.6759e+12
    26.978 2.6772e+12
    26.991 2.6784e+12
    27.003 2.6796e+12
    27.016 2.6809e+12
    27.028 2.6821e+12
     27.04 2.6834e+12
    27.053 2.6846e+12
    27.065 2.6858e+12
    27.078 2.6871e+12
     27.09 2.6883e+12
    27.102 2.6896e+12
    27.115 2.6908e+12
    27.127  2.692e+12
     27.14 2.6933e+12
    27.152 2.6945e+12
    27.164 2.6957e+12
    27.177  2.697e+12
    27.189 2.6982e+12
    27.202 2.6995e+12
    27.214 2.7007e+12
    27.226 2.7019e+12
    27.239 2.7031e+12
    27.251 2.7044e+12
    27.263 2.7056e+12
    27.276 2.7069e+12
    27.288 2.7081e+12
    27.301 2.7093e+12
    27.313 2.7105e+12
    27.325 2.7118e+12
    27.338  2.713e+12
     27.35 2.7142e+12
    27.363 2.7155e+12
    27.375 2.7167e+12
    27.387 2.7179e+12
      27.4 2.7192e+12
    27.412 2.7204e+12
    27.425 2.7216e+12
    27.437 2.7228e+12
    27.449 2.7241e+12
    27.462 2.7253e+12
    27.474 2.7265e+12
    27.487 2.7277e+12
    27.499  2.729e+12
    27.511 2.7302e+12
    27.524 2.7314e+12
    27.536 2.7326e+12
    27.549 2.7339e+12
    27.561 2.7351e+12
    27.573 2.7363e+12
    27.586 2.7375e+12
    27.598 2.7387e+12
    27.611   2.74e+12
    27.623 2.7412e+12
    27.635 2.7424e+12
    27.648 2.7436e+12
     27.66 2.7448e+12
    27.673 2.7461e+12
    27.685 2.7473e+12
    27.697 2.7485e+12
     27.71 2.7497e+12
    27.722 2.7509e+12
    27.735 2.7522e+12
    27.747 2.7534e+12
    27.759 2.7546e+12
    27.772 2.7558e+12
    27.784  2.757e+12
    27.797 2.7582e+12
    27.809 2.7595e+12
    27.821 2.7607e+12
    27.834 2.7619e+12
    27.846 2.7631e+12
    27.859 2.7643e+12
    27.871 2.7655e+12
    27.883 2.7667e+12
    27.896 2.7679e+12
    27.908 2.7692e+12
    27.921 2.7704e+12
    27.933 2.7716e+12
    27.945 2.7728e+12
    27.958  2.774e+12
     27.97 2.7752e+12
    27.983 2.7764e+12
    27.995 2.7776e+12
    28.007 2.7788e+12
     28.02   2.78e+12
    28.032 2.7812e+12
    28.045 2.7824e+12
    28.057 2.7837e+12
    28.069 2.7849e+12
    28.082 2.7861e+12
    28.094 2.7873e+12
    28.107 2.7885e+12
    28.119 2.7897e+12
    28.131 2.7909e+12
    28.144 2.7921e+12
    28.156 2.7933e+12
    28.169 2.7945e+12
    28.181 2.7957e+12
    28.193 2.7969e+12
    28.206 2.7981e+12
    28.218 2.7993e+12
    28.231 2.8005e+12
    28.243 2.8017e+12
    28.255 2.8029e+12
    28.268 2.8041e+12
     28.28 2.8053e+12
    28.293 2.8065e+12
    28.305 2.8077e+12
    28.317 2.8089e+12
     28.33 2.8101e+12
    28.342 2.8113e+12
    28.355 2.8125e+12
    28.367 2.8137e+12
    28.379 2.8149e+12
    28.392 2.8161e+12
    28.404 2.8173e+12
    28.417 2.8184e+12
    28.429 2.8196e+12
    28.441 2.8208e+12
    28.454  2.822e+12
    28.466 2.8232e+12
    28.479 2.8244e+12
    28.491 2.8256e+12
    28.503 2.8268e+12
    28.516  2.828e+12
    28.528 2.8292e+12
    28.541 2.8304e+12
    28.553 2.8315e+12
    28.565 2.8327e+12
    28.578 2.8339e+12
     28.59 2.8351e+12
    28.602 2.8363e+12
    28.615 2.8375e+12
    28.627 2.8387e+12
     28.64 2.8399e+12
    28.652  2.841e+12
    28.664 2.8422e+12
    28.677 2.8434e+12
    28.689 2.8446e+12
    28.702 2.8458e+12
    28.714  2.847e+12
    28.726 2.8482e+12
    28.739 2.8493e+12
    28.751 2.8505e+12
    28.764 2.8517e+12
    28.776 2.8529e+12
    28.788 2.8541e+12
    28.801 2.8552e+12
    28.813 2.8564e+12
    28.826 2.8576e+12
    28.838 2.8588e+12
     28.85   2.86e+12
    28.863 2.8611e+12
    28.875 2.8623e+12
    28.888 2.8635e+12
      28.9 2.8647e+12
    28.912 2.8659e+12
    28.925  2.867e+12
    28.937 2.8682e+12
     28.95 2.8694e+12
    28.962 2.8706e+12
    28.974 2.8717e+12
    28.987 2.8729e+12
    28.999 2.8741e+12
    29.012 2.8753e+12
    29.024 2.8764e+12
    29.036 2.8776e+12
    29.049 2.8788e+12
    29.061 2.8799e+12
    29.074 2.8811e+12
    29.086 2.8823e+12
    29.098 2.8835e+12
    29.111 2.8846e+12
    29.123 2.8858e+12
    29.136  2.887e+12
    29.148 2.8881e+12
     29.16 2.8893e+12
    29.173 2.8905e+12
    29.185 2.8917e+12
    29.198 2.8928e+12
     29.21  2.894e+12
    29.222 2.8952e+12
    29.235 2.8963e+12
    29.247 2.8975e+12
     29.26 2.8987e+12
    29.272 2.8998e+12
    29.284  2.901e+12
    29.297 2.9021e+12
    29.309 2.9033e+12
    29.322 2.9045e+12
    29.334 2.9056e+12
    29.346 2.9068e+12
    29.359  2.908e+12
    29.371 2.9091e+12
    29.384 2.9103e+12
    29.396 2.9114e+12
    29.408 2.9126e+12
    29.421 2.9138e+12
    29.433 2.9149e+12
    29.446 2.9161e+12
    29.458 2.9172e+12
     29.47 2.9184e+12
    29.483 2.9196e+12
    29.495 2.9207e+12
    29.508 2.9219e+12
     29.52  2.923e+12
    29.532 2.9242e+12
    29.545 2.9254e+12
    29.557 2.9265e+12
     29.57 2.9277e+12
    29.582 2.9288e+12
    29.594   2.93e+12
    29.607 2.9311e+12
    29.619 2.9323e+12
    29.632 2.9334e+12
    29.644 2.9346e+12
    29.656 2.9357e+12
    29.669 2.9369e+12
    29.681 2.9381e+12
    29.694 2.9392e+12
    29.706 2.9403e+12
    29.718 2.9415e+12
    29.731 2.9426e+12
    29.743 2.9438e+12
    29.756 2.9449e+12
    29.768 2.9461e+12
     29.78 2.9472e+12
    29.793 2.9484e+12
    29.805 2.9496e+12
    29.818 2.9507e+12
     29.83 2.9519e+12
    29.842  2.953e+12
    29.855 2.9541e+12
    29.867 2.9553e+12
     29.88 2.9564e+12
    29.892 2.9576e+12
    29.904 2.9587e+12
    29.917 2.9599e+12
    29.929  2.961e+12
    29.941 2.9621e+12
    29.954 2.9633e+12
    29.966 2.9644e+12
    29.979 2.9656e+12
    29.991 2.9667e+12
    30.003 2.9679e+12
