RRKM rate, sf=0.970, S*=-15.15, E0=0.25 and Delta=-0.90
   En (eV)    k (s-1)
         0          0
  0.012398          0
  0.024796          0
  0.037194          0
  0.049593          0
  0.061991          0
  0.074389          0
  0.086787          0
  0.099185          0
   0.11158          0
   0.12398          0
   0.13638          0
   0.14878          0
   0.16118          0
   0.17357          0
   0.18597          0
   0.19837          0
   0.21077          0
   0.22317          0
   0.23556          0
   0.24796          0
   0.26036 1.8204e+07
   0.27276 3.6488e+07
   0.28516 7.3615e+07
   0.29756 1.1078e+08
   0.30995 1.6222e+08
   0.32235 2.2237e+08
   0.33475 2.9218e+08
   0.34715   3.79e+08
   0.35955 4.7277e+08
   0.37194 5.8777e+08
   0.38434 7.1098e+08
   0.39674  8.541e+08
   0.40914 1.0091e+09
   0.42154 1.1816e+09
   0.43393 1.3704e+09
   0.44633 1.5752e+09
   0.45873  1.799e+09
   0.47113 2.0385e+09
   0.48353 2.2981e+09
   0.49593 2.5742e+09
   0.50832 2.8704e+09
   0.52072 3.1846e+09
   0.53312 3.5184e+09
   0.54552 3.8717e+09
   0.55792 4.2444e+09
   0.57031 4.6375e+09
   0.58271 5.0501e+09
   0.59511 5.4835e+09
   0.60751 5.9369e+09
   0.61991 6.4111e+09
    0.6323 6.9059e+09
    0.6447 7.4216e+09
    0.6571 7.9582e+09
    0.6695 8.5157e+09
    0.6819 9.0945e+09
    0.6943 9.6944e+09
   0.70669 1.0316e+10
   0.71909 1.0958e+10
   0.73149 1.1622e+10
   0.74389 1.2307e+10
   0.75629 1.3014e+10
   0.76868 1.3742e+10
   0.78108 1.4492e+10
   0.79348 1.5263e+10
   0.80588 1.6055e+10
   0.81828 1.6869e+10
   0.83067 1.7705e+10
   0.84307 1.8562e+10
   0.85547  1.944e+10
   0.86787  2.034e+10
   0.88027 2.1261e+10
   0.89267 2.2203e+10
   0.90506 2.3167e+10
   0.91746 2.4152e+10
   0.92986 2.5158e+10
   0.94226 2.6185e+10
   0.95466 2.7234e+10
   0.96705 2.8303e+10
   0.97945 2.9393e+10
   0.99185 3.0505e+10
    1.0042 3.1637e+10
    1.0166 3.2789e+10
     1.029 3.3963e+10
    1.0414 3.5157e+10
    1.0538 3.6372e+10
    1.0662 3.7607e+10
    1.0786 3.8862e+10
     1.091 4.0138e+10
    1.1034 4.1434e+10
    1.1158  4.275e+10
    1.1282 4.4086e+10
    1.1406 4.5442e+10
     1.153 4.6818e+10
    1.1654 4.8213e+10
    1.1778 4.9628e+10
    1.1902 5.1063e+10
    1.2026 5.2517e+10
     1.215  5.399e+10
    1.2274 5.5482e+10
    1.2398 5.6994e+10
    1.2522 5.8524e+10
    1.2646 6.0074e+10
     1.277 6.1643e+10
    1.2894  6.323e+10
    1.3018 6.4835e+10
    1.3142 6.6459e+10
    1.3266 6.8102e+10
     1.339 6.9763e+10
    1.3514 7.1442e+10
    1.3638 7.3139e+10
    1.3762 7.4854e+10
    1.3886 7.6586e+10
     1.401 7.8337e+10
    1.4134 8.0104e+10
    1.4258  8.189e+10
    1.4382 8.3693e+10
    1.4506 8.5513e+10
     1.463 8.7351e+10
    1.4754 8.9205e+10
    1.4878 9.1076e+10
    1.5002 9.2965e+10
    1.5126 9.4869e+10
     1.525 9.6791e+10
    1.5374 9.8729e+10
    1.5498 1.0068e+11
    1.5622 1.0265e+11
    1.5746 1.0464e+11
     1.587 1.0664e+11
    1.5994 1.0866e+11
    1.6118  1.107e+11
    1.6242 1.1275e+11
    1.6366 1.1481e+11
     1.649 1.1689e+11
    1.6613 1.1899e+11
    1.6737  1.211e+11
    1.6861 1.2323e+11
    1.6985 1.2537e+11
    1.7109 1.2753e+11
    1.7233  1.297e+11
    1.7357 1.3189e+11
    1.7481 1.3409e+11
    1.7605 1.3631e+11
    1.7729 1.3854e+11
    1.7853 1.4078e+11
    1.7977 1.4304e+11
    1.8101 1.4531e+11
    1.8225  1.476e+11
    1.8349  1.499e+11
    1.8473 1.5222e+11
    1.8597 1.5455e+11
    1.8721 1.5689e+11
    1.8845 1.5924e+11
    1.8969 1.6161e+11
    1.9093 1.6399e+11
    1.9217 1.6639e+11
    1.9341  1.688e+11
    1.9465 1.7122e+11
    1.9589 1.7365e+11
    1.9713  1.761e+11
    1.9837 1.7856e+11
    1.9961 1.8103e+11
    2.0085 1.8352e+11
    2.0209 1.8602e+11
    2.0333 1.8853e+11
    2.0457 1.9105e+11
    2.0581 1.9358e+11
    2.0705 1.9613e+11
    2.0829 1.9868e+11
    2.0953 2.0125e+11
    2.1077 2.0383e+11
    2.1201 2.0643e+11
    2.1325 2.0903e+11
    2.1449 2.1165e+11
    2.1573 2.1428e+11
    2.1697 2.1691e+11
    2.1821 2.1956e+11
    2.1945 2.2222e+11
    2.2069  2.249e+11
    2.2193 2.2758e+11
    2.2317 2.3027e+11
    2.2441 2.3298e+11
    2.2565 2.3569e+11
    2.2689 2.3842e+11
    2.2813 2.4115e+11
    2.2937  2.439e+11
    2.3061 2.4666e+11
    2.3185 2.4942e+11
    2.3308  2.522e+11
    2.3432 2.5499e+11
    2.3556 2.5778e+11
     2.368 2.6059e+11
    2.3804 2.6341e+11
    2.3928 2.6623e+11
    2.4052 2.6907e+11
    2.4176 2.7191e+11
      2.43 2.7477e+11
    2.4424 2.7763e+11
    2.4548 2.8051e+11
    2.4672 2.8339e+11
    2.4796 2.8628e+11
     2.492 2.8918e+11
    2.5044 2.9209e+11
    2.5168 2.9501e+11
    2.5292 2.9794e+11
    2.5416 3.0088e+11
     2.554 3.0382e+11
    2.5664 3.0678e+11
    2.5788 3.0974e+11
    2.5912 3.1271e+11
    2.6036 3.1569e+11
     2.616 3.1868e+11
    2.6284 3.2167e+11
    2.6408 3.2468e+11
    2.6532 3.2769e+11
    2.6656 3.3071e+11
     2.678 3.3374e+11
    2.6904 3.3678e+11
    2.7028 3.3982e+11
    2.7152 3.4287e+11
    2.7276 3.4593e+11
      2.74   3.49e+11
    2.7524 3.5207e+11
    2.7648 3.5516e+11
    2.7772 3.5825e+11
    2.7896 3.6134e+11
     2.802 3.6445e+11
    2.8144 3.6756e+11
    2.8268 3.7068e+11
    2.8392  3.738e+11
    2.8516 3.7693e+11
     2.864 3.8008e+11
    2.8764 3.8323e+11
    2.8888 3.8638e+11
    2.9012 3.8954e+11
    2.9136 3.9271e+11
     2.926 3.9588e+11
    2.9384 3.9906e+11
    2.9508 4.0225e+11
    2.9632 4.0544e+11
    2.9756 4.0864e+11
     2.988 4.1185e+11
    3.0003 4.1506e+11
    3.0127 4.1828e+11
    3.0251  4.215e+11
    3.0375 4.2473e+11
    3.0499 4.2797e+11
    3.0623 4.3122e+11
    3.0747 4.3446e+11
    3.0871 4.3772e+11
    3.0995 4.4098e+11
    3.1119 4.4425e+11
    3.1243 4.4752e+11
    3.1367  4.508e+11
    3.1491 4.5408e+11
    3.1615 4.5737e+11
    3.1739 4.6067e+11
    3.1863 4.6397e+11
    3.1987 4.6727e+11
    3.2111 4.7058e+11
    3.2235  4.739e+11
    3.2359 4.7722e+11
    3.2483 4.8055e+11
    3.2607 4.8388e+11
    3.2731 4.8722e+11
    3.2855 4.9056e+11
    3.2979 4.9391e+11
    3.3103 4.9726e+11
    3.3227 5.0062e+11
    3.3351 5.0398e+11
    3.3475 5.0735e+11
    3.3599 5.1072e+11
    3.3723  5.141e+11
    3.3847 5.1748e+11
    3.3971 5.2086e+11
    3.4095 5.2425e+11
    3.4219 5.2765e+11
    3.4343 5.3104e+11
    3.4467 5.3445e+11
    3.4591 5.3786e+11
    3.4715 5.4127e+11
    3.4839 5.4468e+11
    3.4963 5.4811e+11
    3.5087 5.5153e+11
    3.5211 5.5496e+11
    3.5335 5.5839e+11
    3.5459 5.6183e+11
    3.5583 5.6527e+11
    3.5707 5.6872e+11
    3.5831 5.7217e+11
    3.5955 5.7562e+11
    3.6079 5.7908e+11
    3.6203 5.8254e+11
    3.6327 5.8601e+11
    3.6451 5.8947e+11
    3.6574 5.9295e+11
    3.6698 5.9642e+11
    3.6822  5.999e+11
    3.6946 6.0338e+11
     3.707 6.0687e+11
    3.7194 6.1036e+11
    3.7318 6.1386e+11
    3.7442 6.1735e+11
    3.7566 6.2085e+11
     3.769 6.2436e+11
    3.7814 6.2786e+11
    3.7938 6.3138e+11
    3.8062 6.3489e+11
    3.8186  6.384e+11
     3.831 6.4193e+11
    3.8434 6.4545e+11
    3.8558 6.4898e+11
    3.8682  6.525e+11
    3.8806 6.5604e+11
     3.893 6.5957e+11
    3.9054 6.6311e+11
    3.9178 6.6665e+11
    3.9302 6.7019e+11
    3.9426 6.7374e+11
     3.955 6.7729e+11
    3.9674 6.8084e+11
    3.9798  6.844e+11
    3.9922 6.8795e+11
    4.0046 6.9152e+11
     4.017 6.9508e+11
    4.0294 6.9865e+11
    4.0418 7.0221e+11
    4.0542 7.0578e+11
    4.0666 7.0936e+11
     4.079 7.1293e+11
    4.0914 7.1651e+11
    4.1038 7.2009e+11
    4.1162 7.2367e+11
    4.1286 7.2726e+11
     4.141 7.3085e+11
    4.1534 7.3444e+11
    4.1658 7.3803e+11
    4.1782 7.4162e+11
    4.1906 7.4522e+11
     4.203 7.4882e+11
    4.2154 7.5241e+11
    4.2278 7.5602e+11
    4.2402 7.5962e+11
    4.2526 7.6323e+11
     4.265 7.6684e+11
    4.2774 7.7045e+11
    4.2898 7.7406e+11
    4.3022 7.7768e+11
    4.3146  7.813e+11
    4.3269 7.8491e+11
    4.3393 7.8853e+11
    4.3517 7.9216e+11
    4.3641 7.9578e+11
    4.3765 7.9941e+11
    4.3889 8.0303e+11
    4.4013 8.0666e+11
    4.4137 8.1029e+11
    4.4261 8.1393e+11
    4.4385 8.1756e+11
    4.4509  8.212e+11
    4.4633 8.2483e+11
    4.4757 8.2847e+11
    4.4881 8.3211e+11
    4.5005 8.3575e+11
    4.5129  8.394e+11
    4.5253 8.4304e+11
    4.5377 8.4669e+11
    4.5501 8.5033e+11
    4.5625 8.5398e+11
    4.5749 8.5763e+11
    4.5873 8.6128e+11
    4.5997 8.6494e+11
    4.6121 8.6859e+11
    4.6245 8.7225e+11
    4.6369  8.759e+11
    4.6493 8.7956e+11
    4.6617 8.8322e+11
    4.6741 8.8688e+11
    4.6865 8.9054e+11
    4.6989  8.942e+11
    4.7113 8.9787e+11
    4.7237 9.0153e+11
    4.7361  9.052e+11
    4.7485 9.0886e+11
    4.7609 9.1253e+11
    4.7733  9.162e+11
    4.7857 9.1986e+11
    4.7981 9.2354e+11
    4.8105 9.2721e+11
    4.8229 9.3088e+11
    4.8353 9.3456e+11
    4.8477 9.3823e+11
    4.8601  9.419e+11
    4.8725 9.4558e+11
    4.8849 9.4925e+11
    4.8973 9.5293e+11
    4.9097 9.5661e+11
    4.9221 9.6029e+11
    4.9345 9.6397e+11
    4.9469 9.6764e+11
    4.9593 9.7132e+11
    4.9717 9.7501e+11
     4.984 9.7869e+11
    4.9964 9.8237e+11
    5.0088 9.8605e+11
    5.0212 9.8974e+11
    5.0336 9.9342e+11
     5.046 9.9711e+11
    5.0584 1.0008e+12
    5.0708 1.0045e+12
    5.0832 1.0082e+12
    5.0956 1.0118e+12
     5.108 1.0155e+12
    5.1204 1.0192e+12
    5.1328 1.0229e+12
    5.1452 1.0266e+12
    5.1576 1.0303e+12
      5.17  1.034e+12
    5.1824 1.0377e+12
    5.1948 1.0414e+12
    5.2072  1.045e+12
    5.2196 1.0487e+12
     5.232 1.0524e+12
    5.2444 1.0561e+12
    5.2568 1.0598e+12
    5.2692 1.0635e+12
    5.2816 1.0672e+12
     5.294 1.0709e+12
    5.3064 1.0746e+12
    5.3188 1.0783e+12
    5.3312 1.0819e+12
    5.3436 1.0856e+12
     5.356 1.0893e+12
    5.3684  1.093e+12
    5.3808 1.0967e+12
    5.3932 1.1004e+12
    5.4056 1.1041e+12
     5.418 1.1078e+12
    5.4304 1.1115e+12
    5.4428 1.1152e+12
    5.4552 1.1189e+12
    5.4676 1.1226e+12
      5.48 1.1262e+12
    5.4924 1.1299e+12
    5.5048 1.1336e+12
    5.5172 1.1373e+12
    5.5296  1.141e+12
     5.542 1.1447e+12
    5.5544 1.1484e+12
    5.5668 1.1521e+12
    5.5792 1.1558e+12
    5.5916 1.1595e+12
     5.604 1.1632e+12
    5.6164 1.1668e+12
    5.6288 1.1705e+12
    5.6412 1.1742e+12
    5.6535 1.1779e+12
    5.6659 1.1816e+12
    5.6783 1.1853e+12
    5.6907  1.189e+12
    5.7031 1.1927e+12
    5.7155 1.1964e+12
    5.7279    1.2e+12
    5.7403 1.2037e+12
    5.7527 1.2074e+12
    5.7651 1.2111e+12
    5.7775 1.2148e+12
    5.7899 1.2185e+12
    5.8023 1.2222e+12
    5.8147 1.2258e+12
    5.8271 1.2295e+12
    5.8395 1.2332e+12
    5.8519 1.2369e+12
    5.8643 1.2406e+12
    5.8767 1.2443e+12
    5.8891 1.2479e+12
    5.9015 1.2516e+12
    5.9139 1.2553e+12
    5.9263  1.259e+12
    5.9387 1.2627e+12
    5.9511 1.2663e+12
    5.9635   1.27e+12
    5.9759 1.2737e+12
    5.9883 1.2774e+12
    6.0007 1.2811e+12
    6.0131 1.2847e+12
    6.0255 1.2884e+12
    6.0379 1.2921e+12
    6.0503 1.2958e+12
    6.0627 1.2994e+12
    6.0751 1.3031e+12
    6.0875 1.3068e+12
    6.0999 1.3104e+12
    6.1123 1.3141e+12
    6.1247 1.3178e+12
    6.1371 1.3215e+12
    6.1495 1.3251e+12
    6.1619 1.3288e+12
    6.1743 1.3325e+12
    6.1867 1.3361e+12
    6.1991 1.3398e+12
    6.2115 1.3435e+12
    6.2239 1.3471e+12
    6.2363 1.3508e+12
    6.2487 1.3544e+12
    6.2611 1.3581e+12
    6.2735 1.3618e+12
    6.2859 1.3654e+12
    6.2983 1.3691e+12
    6.3107 1.3727e+12
     6.323 1.3764e+12
    6.3354 1.3801e+12
    6.3478 1.3837e+12
    6.3602 1.3874e+12
    6.3726  1.391e+12
     6.385 1.3947e+12
    6.3974 1.3983e+12
    6.4098  1.402e+12
    6.4222 1.4056e+12
    6.4346 1.4093e+12
     6.447 1.4129e+12
    6.4594 1.4166e+12
    6.4718 1.4202e+12
    6.4842 1.4239e+12
    6.4966 1.4275e+12
     6.509 1.4312e+12
    6.5214 1.4348e+12
    6.5338 1.4384e+12
    6.5462 1.4421e+12
    6.5586 1.4457e+12
     6.571 1.4494e+12
    6.5834  1.453e+12
    6.5958 1.4566e+12
    6.6082 1.4603e+12
    6.6206 1.4639e+12
     6.633 1.4675e+12
    6.6454 1.4712e+12
    6.6578 1.4748e+12
    6.6702 1.4784e+12
    6.6826 1.4821e+12
     6.695 1.4857e+12
    6.7074 1.4893e+12
    6.7198 1.4929e+12
    6.7322 1.4966e+12
    6.7446 1.5002e+12
     6.757 1.5038e+12
    6.7694 1.5074e+12
    6.7818  1.511e+12
    6.7942 1.5147e+12
    6.8066 1.5183e+12
     6.819 1.5219e+12
    6.8314 1.5255e+12
    6.8438 1.5291e+12
    6.8562 1.5327e+12
    6.8686 1.5363e+12
     6.881   1.54e+12
    6.8934 1.5436e+12
    6.9058 1.5472e+12
    6.9182 1.5508e+12
    6.9306 1.5544e+12
     6.943  1.558e+12
    6.9554 1.5616e+12
    6.9678 1.5652e+12
    6.9801 1.5688e+12
    6.9925 1.5724e+12
    7.0049  1.576e+12
    7.0173 1.5796e+12
    7.0297 1.5832e+12
    7.0421 1.5868e+12
    7.0545 1.5904e+12
    7.0669  1.594e+12
    7.0793 1.5975e+12
    7.0917 1.6011e+12
    7.1041 1.6047e+12
    7.1165 1.6083e+12
    7.1289 1.6119e+12
    7.1413 1.6155e+12
    7.1537 1.6191e+12
    7.1661 1.6226e+12
    7.1785 1.6262e+12
    7.1909 1.6298e+12
    7.2033 1.6334e+12
    7.2157 1.6369e+12
    7.2281 1.6405e+12
    7.2405 1.6441e+12
    7.2529 1.6477e+12
    7.2653 1.6512e+12
    7.2777 1.6548e+12
    7.2901 1.6584e+12
    7.3025 1.6619e+12
    7.3149 1.6655e+12
    7.3273 1.6691e+12
    7.3397 1.6726e+12
    7.3521 1.6762e+12
    7.3645 1.6797e+12
    7.3769 1.6833e+12
    7.3893 1.6868e+12
    7.4017 1.6904e+12
    7.4141 1.6939e+12
    7.4265 1.6975e+12
    7.4389  1.701e+12
    7.4513 1.7046e+12
    7.4637 1.7081e+12
    7.4761 1.7117e+12
    7.4885 1.7152e+12
    7.5009 1.7188e+12
    7.5133 1.7223e+12
    7.5257 1.7258e+12
    7.5381 1.7294e+12
    7.5505 1.7329e+12
    7.5629 1.7365e+12
    7.5753   1.74e+12
    7.5877 1.7435e+12
    7.6001  1.747e+12
    7.6125 1.7506e+12
    7.6249 1.7541e+12
    7.6373 1.7576e+12
    7.6496 1.7612e+12
     7.662 1.7647e+12
    7.6744 1.7682e+12
    7.6868 1.7717e+12
    7.6992 1.7752e+12
    7.7116 1.7787e+12
     7.724 1.7823e+12
    7.7364 1.7858e+12
    7.7488 1.7893e+12
    7.7612 1.7928e+12
    7.7736 1.7963e+12
     7.786 1.7998e+12
    7.7984 1.8033e+12
    7.8108 1.8068e+12
    7.8232 1.8103e+12
    7.8356 1.8138e+12
     7.848 1.8173e+12
    7.8604 1.8208e+12
    7.8728 1.8243e+12
    7.8852 1.8278e+12
    7.8976 1.8313e+12
      7.91 1.8348e+12
    7.9224 1.8383e+12
    7.9348 1.8418e+12
    7.9472 1.8452e+12
    7.9596 1.8487e+12
     7.972 1.8522e+12
    7.9844 1.8557e+12
    7.9968 1.8592e+12
    8.0092 1.8626e+12
    8.0216 1.8661e+12
     8.034 1.8696e+12
    8.0464 1.8731e+12
    8.0588 1.8765e+12
    8.0712   1.88e+12
    8.0836 1.8835e+12
     8.096 1.8869e+12
    8.1084 1.8904e+12
    8.1208 1.8939e+12
    8.1332 1.8973e+12
    8.1456 1.9008e+12
     8.158 1.9042e+12
    8.1704 1.9077e+12
    8.1828 1.9111e+12
    8.1952 1.9146e+12
    8.2076  1.918e+12
      8.22 1.9215e+12
    8.2324 1.9249e+12
    8.2448 1.9284e+12
    8.2572 1.9318e+12
    8.2696 1.9353e+12
     8.282 1.9387e+12
    8.2944 1.9422e+12
    8.3067 1.9456e+12
    8.3191  1.949e+12
    8.3315 1.9525e+12
    8.3439 1.9559e+12
    8.3563 1.9593e+12
    8.3687 1.9627e+12
    8.3811 1.9662e+12
    8.3935 1.9696e+12
    8.4059  1.973e+12
    8.4183 1.9764e+12
    8.4307 1.9799e+12
    8.4431 1.9833e+12
    8.4555 1.9867e+12
    8.4679 1.9901e+12
    8.4803 1.9935e+12
    8.4927 1.9969e+12
    8.5051 2.0003e+12
    8.5175 2.0037e+12
    8.5299 2.0071e+12
    8.5423 2.0106e+12
    8.5547  2.014e+12
    8.5671 2.0174e+12
    8.5795 2.0208e+12
    8.5919 2.0242e+12
    8.6043 2.0275e+12
    8.6167 2.0309e+12
    8.6291 2.0343e+12
    8.6415 2.0377e+12
    8.6539 2.0411e+12
    8.6663 2.0445e+12
    8.6787 2.0479e+12
    8.6911 2.0513e+12
    8.7035 2.0546e+12
    8.7159  2.058e+12
    8.7283 2.0614e+12
    8.7407 2.0648e+12
    8.7531 2.0681e+12
    8.7655 2.0715e+12
    8.7779 2.0749e+12
    8.7903 2.0783e+12
    8.8027 2.0816e+12
    8.8151  2.085e+12
    8.8275 2.0883e+12
    8.8399 2.0917e+12
    8.8523 2.0951e+12
    8.8647 2.0984e+12
    8.8771 2.1018e+12
    8.8895 2.1051e+12
    8.9019 2.1085e+12
    8.9143 2.1118e+12
    8.9267 2.1152e+12
    8.9391 2.1185e+12
    8.9515 2.1219e+12
    8.9639 2.1252e+12
    8.9762 2.1286e+12
    8.9886 2.1319e+12
     9.001 2.1352e+12
    9.0134 2.1386e+12
    9.0258 2.1419e+12
    9.0382 2.1452e+12
    9.0506 2.1486e+12
     9.063 2.1519e+12
    9.0754 2.1552e+12
    9.0878 2.1585e+12
    9.1002 2.1619e+12
    9.1126 2.1652e+12
     9.125 2.1685e+12
    9.1374 2.1718e+12
    9.1498 2.1751e+12
    9.1622 2.1785e+12
    9.1746 2.1818e+12
     9.187 2.1851e+12
    9.1994 2.1884e+12
    9.2118 2.1917e+12
    9.2242  2.195e+12
    9.2366 2.1983e+12
     9.249 2.2016e+12
    9.2614 2.2049e+12
    9.2738 2.2082e+12
    9.2862 2.2115e+12
    9.2986 2.2148e+12
     9.311 2.2181e+12
    9.3234 2.2214e+12
    9.3358 2.2246e+12
    9.3482 2.2279e+12
    9.3606 2.2312e+12
     9.373 2.2345e+12
    9.3854 2.2378e+12
    9.3978 2.2411e+12
    9.4102 2.2443e+12
    9.4226 2.2476e+12
     9.435 2.2509e+12
    9.4474 2.2542e+12
    9.4598 2.2574e+12
    9.4722 2.2607e+12
    9.4846 2.2639e+12
     9.497 2.2672e+12
    9.5094 2.2705e+12
    9.5218 2.2737e+12
    9.5342  2.277e+12
    9.5466 2.2802e+12
     9.559 2.2835e+12
    9.5714 2.2868e+12
    9.5838   2.29e+12
    9.5962 2.2932e+12
    9.6086 2.2965e+12
     9.621 2.2997e+12
    9.6333  2.303e+12
    9.6457 2.3062e+12
    9.6581 2.3095e+12
    9.6705 2.3127e+12
    9.6829 2.3159e+12
    9.6953 2.3192e+12
    9.7077 2.3224e+12
    9.7201 2.3256e+12
    9.7325 2.3289e+12
    9.7449 2.3321e+12
    9.7573 2.3353e+12
    9.7697 2.3385e+12
    9.7821 2.3418e+12
    9.7945  2.345e+12
    9.8069 2.3482e+12
    9.8193 2.3514e+12
    9.8317 2.3546e+12
    9.8441 2.3578e+12
    9.8565  2.361e+12
    9.8689 2.3642e+12
    9.8813 2.3674e+12
    9.8937 2.3706e+12
    9.9061 2.3738e+12
    9.9185  2.377e+12
    9.9309 2.3802e+12
    9.9433 2.3834e+12
    9.9557 2.3866e+12
    9.9681 2.3898e+12
    9.9805  2.393e+12
    9.9929 2.3962e+12
    10.005 2.3994e+12
    10.018 2.4026e+12
     10.03 2.4058e+12
    10.042  2.409e+12
    10.055 2.4121e+12
    10.067 2.4153e+12
     10.08 2.4185e+12
    10.092 2.4216e+12
    10.104 2.4248e+12
    10.117  2.428e+12
    10.129 2.4311e+12
    10.142 2.4343e+12
    10.154 2.4375e+12
    10.166 2.4406e+12
    10.179 2.4438e+12
    10.191  2.447e+12
    10.204 2.4501e+12
    10.216 2.4533e+12
    10.228 2.4564e+12
    10.241 2.4596e+12
    10.253 2.4627e+12
    10.266 2.4659e+12
    10.278  2.469e+12
     10.29 2.4722e+12
    10.303 2.4753e+12
    10.315 2.4784e+12
    10.328 2.4816e+12
     10.34 2.4847e+12
    10.352 2.4878e+12
    10.365  2.491e+12
    10.377 2.4941e+12
     10.39 2.4972e+12
    10.402 2.5004e+12
    10.414 2.5035e+12
    10.427 2.5066e+12
    10.439 2.5097e+12
    10.452 2.5128e+12
    10.464  2.516e+12
    10.476 2.5191e+12
    10.489 2.5222e+12
    10.501 2.5253e+12
    10.514 2.5284e+12
    10.526 2.5315e+12
    10.538 2.5346e+12
    10.551 2.5377e+12
    10.563 2.5408e+12
    10.576 2.5439e+12
    10.588  2.547e+12
      10.6 2.5501e+12
    10.613 2.5532e+12
    10.625 2.5563e+12
    10.638 2.5594e+12
     10.65 2.5625e+12
    10.662 2.5656e+12
    10.675 2.5686e+12
    10.687 2.5717e+12
      10.7 2.5748e+12
    10.712 2.5779e+12
    10.724  2.581e+12
    10.737  2.584e+12
    10.749 2.5871e+12
    10.762 2.5902e+12
    10.774 2.5932e+12
    10.786 2.5963e+12
    10.799 2.5994e+12
    10.811 2.6024e+12
    10.824 2.6055e+12
    10.836 2.6086e+12
    10.848 2.6116e+12
    10.861 2.6147e+12
    10.873 2.6177e+12
    10.886 2.6208e+12
    10.898 2.6238e+12
     10.91 2.6269e+12
    10.923 2.6299e+12
    10.935  2.633e+12
    10.948  2.636e+12
     10.96 2.6391e+12
    10.972 2.6421e+12
    10.985 2.6451e+12
    10.997 2.6482e+12
     11.01 2.6512e+12
    11.022 2.6542e+12
    11.034 2.6572e+12
    11.047 2.6603e+12
    11.059 2.6633e+12
    11.072 2.6663e+12
    11.084 2.6694e+12
    11.096 2.6724e+12
    11.109 2.6754e+12
    11.121 2.6784e+12
    11.134 2.6814e+12
    11.146 2.6844e+12
    11.158 2.6874e+12
    11.171 2.6905e+12
    11.183 2.6935e+12
    11.196 2.6965e+12
    11.208 2.6995e+12
     11.22 2.7025e+12
    11.233 2.7055e+12
    11.245 2.7085e+12
    11.258 2.7115e+12
     11.27 2.7144e+12
    11.282 2.7174e+12
    11.295 2.7204e+12
    11.307 2.7234e+12
    11.319 2.7264e+12
    11.332 2.7294e+12
    11.344 2.7324e+12
    11.357 2.7354e+12
    11.369 2.7383e+12
    11.381 2.7413e+12
    11.394 2.7443e+12
    11.406 2.7473e+12
    11.419 2.7502e+12
    11.431 2.7532e+12
    11.443 2.7562e+12
    11.456 2.7591e+12
    11.468 2.7621e+12
    11.481 2.7651e+12
    11.493  2.768e+12
    11.505  2.771e+12
    11.518 2.7739e+12
     11.53 2.7769e+12
    11.543 2.7798e+12
    11.555 2.7828e+12
    11.567 2.7857e+12
     11.58 2.7887e+12
    11.592 2.7916e+12
    11.605 2.7946e+12
    11.617 2.7975e+12
    11.629 2.8004e+12
    11.642 2.8034e+12
    11.654 2.8063e+12
    11.667 2.8093e+12
    11.679 2.8122e+12
    11.691 2.8151e+12
    11.704  2.818e+12
    11.716  2.821e+12
    11.729 2.8239e+12
    11.741 2.8268e+12
    11.753 2.8297e+12
    11.766 2.8327e+12
    11.778 2.8356e+12
    11.791 2.8385e+12
    11.803 2.8414e+12
    11.815 2.8443e+12
    11.828 2.8472e+12
     11.84 2.8501e+12
    11.853  2.853e+12
    11.865 2.8559e+12
    11.877 2.8588e+12
     11.89 2.8618e+12
    11.902 2.8647e+12
    11.915 2.8675e+12
    11.927 2.8704e+12
    11.939 2.8733e+12
    11.952 2.8762e+12
    11.964 2.8791e+12
    11.977  2.882e+12
    11.989 2.8849e+12
    12.001 2.8878e+12
    12.014 2.8906e+12
    12.026 2.8935e+12
    12.039 2.8964e+12
    12.051 2.8993e+12
    12.063 2.9021e+12
    12.076  2.905e+12
    12.088 2.9079e+12
    12.101 2.9108e+12
    12.113 2.9136e+12
    12.125 2.9165e+12
    12.138 2.9194e+12
     12.15 2.9222e+12
    12.163 2.9251e+12
    12.175 2.9279e+12
    12.187 2.9308e+12
      12.2 2.9337e+12
    12.212 2.9365e+12
    12.225 2.9394e+12
    12.237 2.9422e+12
    12.249 2.9451e+12
    12.262 2.9479e+12
    12.274 2.9508e+12
    12.287 2.9536e+12
    12.299 2.9564e+12
    12.311 2.9593e+12
    12.324 2.9621e+12
    12.336 2.9649e+12
    12.349 2.9678e+12
    12.361 2.9706e+12
    12.373 2.9734e+12
    12.386 2.9763e+12
    12.398 2.9791e+12
    12.411 2.9819e+12
    12.423 2.9847e+12
    12.435 2.9876e+12
    12.448 2.9904e+12
     12.46 2.9932e+12
    12.473  2.996e+12
    12.485 2.9988e+12
    12.497 3.0016e+12
     12.51 3.0044e+12
    12.522 3.0073e+12
    12.535 3.0101e+12
    12.547 3.0129e+12
    12.559 3.0157e+12
    12.572 3.0185e+12
    12.584 3.0212e+12
    12.597 3.0241e+12
    12.609 3.0268e+12
    12.621 3.0296e+12
    12.634 3.0324e+12
    12.646 3.0352e+12
    12.658  3.038e+12
    12.671 3.0408e+12
    12.683 3.0436e+12
    12.696 3.0464e+12
    12.708 3.0491e+12
     12.72 3.0519e+12
    12.733 3.0547e+12
    12.745 3.0575e+12
    12.758 3.0602e+12
     12.77  3.063e+12
    12.782 3.0658e+12
    12.795 3.0686e+12
    12.807 3.0713e+12
     12.82 3.0741e+12
    12.832 3.0768e+12
    12.844 3.0796e+12
    12.857 3.0824e+12
    12.869 3.0851e+12
    12.882 3.0879e+12
    12.894 3.0906e+12
    12.906 3.0934e+12
    12.919 3.0961e+12
    12.931 3.0989e+12
    12.944 3.1016e+12
    12.956 3.1044e+12
    12.968 3.1071e+12
    12.981 3.1099e+12
    12.993 3.1126e+12
    13.006 3.1153e+12
    13.018 3.1181e+12
     13.03 3.1208e+12
    13.043 3.1235e+12
    13.055 3.1263e+12
    13.068  3.129e+12
     13.08 3.1317e+12
    13.092 3.1345e+12
    13.105 3.1372e+12
    13.117 3.1399e+12
     13.13 3.1426e+12
    13.142 3.1453e+12
    13.154 3.1481e+12
    13.167 3.1508e+12
    13.179 3.1535e+12
    13.192 3.1562e+12
    13.204 3.1589e+12
    13.216 3.1616e+12
    13.229 3.1643e+12
    13.241  3.167e+12
    13.254 3.1697e+12
    13.266 3.1724e+12
    13.278 3.1751e+12
    13.291 3.1778e+12
    13.303 3.1805e+12
    13.316 3.1832e+12
    13.328 3.1859e+12
     13.34 3.1886e+12
    13.353 3.1913e+12
    13.365  3.194e+12
    13.378 3.1967e+12
     13.39 3.1993e+12
    13.402  3.202e+12
    13.415 3.2047e+12
    13.427 3.2074e+12
     13.44 3.2101e+12
    13.452 3.2127e+12
    13.464 3.2154e+12
    13.477 3.2181e+12
    13.489 3.2208e+12
    13.502 3.2234e+12
    13.514 3.2261e+12
    13.526 3.2288e+12
    13.539 3.2314e+12
    13.551 3.2341e+12
    13.564 3.2367e+12
    13.576 3.2394e+12
    13.588  3.242e+12
    13.601 3.2447e+12
    13.613 3.2474e+12
    13.626   3.25e+12
    13.638 3.2527e+12
     13.65 3.2553e+12
    13.663 3.2579e+12
    13.675 3.2606e+12
    13.688 3.2632e+12
      13.7 3.2659e+12
    13.712 3.2685e+12
    13.725 3.2712e+12
    13.737 3.2738e+12
     13.75 3.2764e+12
    13.762 3.2791e+12
    13.774 3.2817e+12
    13.787 3.2843e+12
    13.799 3.2869e+12
    13.812 3.2896e+12
    13.824 3.2922e+12
    13.836 3.2948e+12
    13.849 3.2974e+12
    13.861    3.3e+12
    13.874 3.3027e+12
    13.886 3.3053e+12
    13.898 3.3079e+12
    13.911 3.3105e+12
    13.923 3.3131e+12
    13.936 3.3157e+12
    13.948 3.3183e+12
     13.96 3.3209e+12
    13.973 3.3235e+12
    13.985 3.3261e+12
    13.997 3.3287e+12
     14.01 3.3313e+12
    14.022 3.3339e+12
    14.035 3.3365e+12
    14.047 3.3391e+12
    14.059 3.3417e+12
    14.072 3.3443e+12
    14.084 3.3469e+12
    14.097 3.3495e+12
    14.109 3.3521e+12
    14.121 3.3546e+12
    14.134 3.3572e+12
    14.146 3.3598e+12
    14.159 3.3624e+12
    14.171  3.365e+12
    14.183 3.3675e+12
    14.196 3.3701e+12
    14.208 3.3727e+12
    14.221 3.3752e+12
    14.233 3.3778e+12
    14.245 3.3804e+12
    14.258 3.3829e+12
     14.27 3.3855e+12
    14.283 3.3881e+12
    14.295 3.3906e+12
    14.307 3.3932e+12
     14.32 3.3957e+12
    14.332 3.3983e+12
    14.345 3.4009e+12
    14.357 3.4034e+12
    14.369  3.406e+12
    14.382 3.4085e+12
    14.394  3.411e+12
    14.407 3.4136e+12
    14.419 3.4161e+12
    14.431 3.4187e+12
    14.444 3.4212e+12
    14.456 3.4238e+12
    14.469 3.4263e+12
    14.481 3.4288e+12
    14.493 3.4313e+12
    14.506 3.4339e+12
    14.518 3.4364e+12
    14.531  3.439e+12
    14.543 3.4415e+12
    14.555  3.444e+12
    14.568 3.4465e+12
     14.58 3.4491e+12
    14.593 3.4516e+12
    14.605 3.4541e+12
    14.617 3.4566e+12
     14.63 3.4591e+12
    14.642 3.4616e+12
    14.655 3.4641e+12
    14.667 3.4667e+12
    14.679 3.4692e+12
    14.692 3.4717e+12
    14.704 3.4742e+12
    14.717 3.4767e+12
    14.729 3.4792e+12
    14.741 3.4817e+12
    14.754 3.4842e+12
    14.766 3.4867e+12
    14.779 3.4892e+12
    14.791 3.4917e+12
    14.803 3.4942e+12
    14.816 3.4966e+12
    14.828 3.4991e+12
    14.841 3.5016e+12
    14.853 3.5041e+12
    14.865 3.5066e+12
    14.878 3.5091e+12
     14.89 3.5116e+12
    14.903  3.514e+12
    14.915 3.5165e+12
    14.927  3.519e+12
     14.94 3.5215e+12
    14.952 3.5239e+12
    14.965 3.5264e+12
    14.977 3.5289e+12
    14.989 3.5314e+12
    15.002 3.5338e+12
    15.014 3.5363e+12
    15.027 3.5388e+12
    15.039 3.5412e+12
    15.051 3.5437e+12
    15.064 3.5462e+12
    15.076 3.5486e+12
    15.089 3.5511e+12
    15.101 3.5535e+12
    15.113 3.5559e+12
    15.126 3.5584e+12
    15.138 3.5609e+12
    15.151 3.5633e+12
    15.163 3.5658e+12
    15.175 3.5682e+12
    15.188 3.5706e+12
      15.2 3.5731e+12
    15.213 3.5755e+12
    15.225 3.5779e+12
    15.237 3.5804e+12
     15.25 3.5828e+12
    15.262 3.5853e+12
    15.275 3.5877e+12
    15.287 3.5901e+12
    15.299 3.5925e+12
    15.312  3.595e+12
    15.324 3.5974e+12
    15.336 3.5998e+12
    15.349 3.6022e+12
    15.361 3.6047e+12
    15.374 3.6071e+12
    15.386 3.6095e+12
    15.398 3.6119e+12
    15.411 3.6143e+12
    15.423 3.6168e+12
    15.436 3.6192e+12
    15.448 3.6216e+12
     15.46  3.624e+12
    15.473 3.6264e+12
    15.485 3.6288e+12
    15.498 3.6312e+12
     15.51 3.6336e+12
    15.522  3.636e+12
    15.535 3.6384e+12
    15.547 3.6408e+12
     15.56 3.6432e+12
    15.572 3.6456e+12
    15.584  3.648e+12
    15.597 3.6504e+12
    15.609 3.6528e+12
    15.622 3.6552e+12
    15.634 3.6575e+12
    15.646 3.6599e+12
    15.659 3.6623e+12
    15.671 3.6647e+12
    15.684 3.6671e+12
    15.696 3.6694e+12
    15.708 3.6718e+12
    15.721 3.6742e+12
    15.733 3.6766e+12
    15.746  3.679e+12
    15.758 3.6813e+12
     15.77 3.6837e+12
    15.783 3.6861e+12
    15.795 3.6884e+12
    15.808 3.6908e+12
     15.82 3.6932e+12
    15.832 3.6955e+12
    15.845 3.6979e+12
    15.857 3.7002e+12
     15.87 3.7026e+12
    15.882  3.705e+12
    15.894 3.7073e+12
    15.907 3.7097e+12
    15.919  3.712e+12
    15.932 3.7144e+12
    15.944 3.7167e+12
    15.956 3.7191e+12
    15.969 3.7214e+12
    15.981 3.7238e+12
    15.994 3.7261e+12
    16.006 3.7285e+12
    16.018 3.7308e+12
    16.031 3.7331e+12
    16.043 3.7355e+12
    16.056 3.7378e+12
    16.068 3.7401e+12
     16.08 3.7425e+12
    16.093 3.7448e+12
    16.105 3.7471e+12
    16.118 3.7494e+12
     16.13 3.7518e+12
    16.142 3.7541e+12
    16.155 3.7564e+12
    16.167 3.7587e+12
     16.18 3.7611e+12
    16.192 3.7634e+12
    16.204 3.7657e+12
    16.217  3.768e+12
    16.229 3.7703e+12
    16.242 3.7726e+12
    16.254  3.775e+12
    16.266 3.7773e+12
    16.279 3.7796e+12
    16.291 3.7819e+12
    16.304 3.7842e+12
    16.316 3.7865e+12
    16.328 3.7888e+12
    16.341 3.7911e+12
    16.353 3.7934e+12
    16.366 3.7957e+12
    16.378  3.798e+12
     16.39 3.8003e+12
    16.403 3.8026e+12
    16.415 3.8049e+12
    16.428 3.8071e+12
     16.44 3.8095e+12
    16.452 3.8117e+12
    16.465  3.814e+12
    16.477 3.8163e+12
     16.49 3.8186e+12
    16.502 3.8209e+12
    16.514 3.8232e+12
    16.527 3.8255e+12
    16.539 3.8277e+12
    16.552   3.83e+12
    16.564 3.8322e+12
    16.576 3.8345e+12
    16.589 3.8368e+12
    16.601 3.8391e+12
    16.613 3.8413e+12
    16.626 3.8436e+12
    16.638 3.8459e+12
    16.651 3.8481e+12
    16.663 3.8504e+12
    16.675 3.8527e+12
    16.688 3.8549e+12
      16.7 3.8572e+12
    16.713 3.8594e+12
    16.725 3.8617e+12
    16.737  3.864e+12
     16.75 3.8662e+12
    16.762 3.8685e+12
    16.775 3.8707e+12
    16.787  3.873e+12
    16.799 3.8752e+12
    16.812 3.8774e+12
    16.824 3.8797e+12
    16.837 3.8819e+12
    16.849 3.8842e+12
    16.861 3.8864e+12
    16.874 3.8887e+12
    16.886 3.8909e+12
    16.899 3.8931e+12
    16.911 3.8954e+12
    16.923 3.8976e+12
    16.936 3.8998e+12
    16.948 3.9021e+12
    16.961 3.9043e+12
    16.973 3.9065e+12
    16.985 3.9087e+12
    16.998  3.911e+12
     17.01 3.9132e+12
    17.023 3.9154e+12
    17.035 3.9176e+12
    17.047 3.9199e+12
     17.06 3.9221e+12
    17.072 3.9243e+12
    17.085 3.9265e+12
    17.097 3.9287e+12
    17.109 3.9309e+12
    17.122 3.9331e+12
    17.134 3.9354e+12
    17.147 3.9375e+12
    17.159 3.9398e+12
    17.171  3.942e+12
    17.184 3.9442e+12
    17.196 3.9464e+12
    17.209 3.9486e+12
    17.221 3.9508e+12
    17.233  3.953e+12
    17.246 3.9552e+12
    17.258 3.9574e+12
    17.271 3.9596e+12
    17.283 3.9617e+12
    17.295  3.964e+12
    17.308 3.9661e+12
     17.32 3.9683e+12
    17.333 3.9705e+12
    17.345 3.9727e+12
    17.357 3.9749e+12
     17.37 3.9771e+12
    17.382 3.9792e+12
    17.395 3.9814e+12
    17.407 3.9836e+12
    17.419 3.9858e+12
    17.432 3.9879e+12
    17.444 3.9901e+12
    17.457 3.9923e+12
    17.469 3.9945e+12
    17.481 3.9966e+12
    17.494 3.9988e+12
    17.506  4.001e+12
    17.519 4.0031e+12
    17.531 4.0053e+12
    17.543 4.0075e+12
    17.556 4.0096e+12
    17.568 4.0118e+12
    17.581 4.0139e+12
    17.593 4.0161e+12
    17.605 4.0183e+12
    17.618 4.0204e+12
     17.63 4.0226e+12
    17.643 4.0247e+12
    17.655 4.0269e+12
    17.667  4.029e+12
     17.68 4.0312e+12
    17.692 4.0333e+12
    17.705 4.0355e+12
    17.717 4.0376e+12
    17.729 4.0397e+12
    17.742 4.0419e+12
    17.754  4.044e+12
    17.767 4.0462e+12
    17.779 4.0483e+12
    17.791 4.0504e+12
    17.804 4.0526e+12
    17.816 4.0547e+12
    17.829 4.0568e+12
    17.841  4.059e+12
    17.853 4.0611e+12
    17.866 4.0632e+12
    17.878 4.0654e+12
    17.891 4.0675e+12
    17.903 4.0696e+12
    17.915 4.0717e+12
    17.928 4.0738e+12
     17.94  4.076e+12
    17.952 4.0781e+12
    17.965 4.0802e+12
    17.977 4.0823e+12
     17.99 4.0844e+12
    18.002 4.0865e+12
    18.014 4.0887e+12
    18.027 4.0908e+12
    18.039 4.0929e+12
    18.052  4.095e+12
    18.064 4.0971e+12
    18.076 4.0992e+12
    18.089 4.1013e+12
    18.101 4.1034e+12
    18.114 4.1055e+12
    18.126 4.1076e+12
    18.138 4.1097e+12
    18.151 4.1118e+12
    18.163 4.1139e+12
    18.176  4.116e+12
    18.188 4.1181e+12
      18.2 4.1202e+12
    18.213 4.1223e+12
    18.225 4.1244e+12
    18.238 4.1264e+12
     18.25 4.1285e+12
    18.262 4.1306e+12
    18.275 4.1327e+12
    18.287 4.1348e+12
      18.3 4.1369e+12
    18.312  4.139e+12
    18.324  4.141e+12
    18.337 4.1431e+12
    18.349 4.1452e+12
    18.362 4.1473e+12
    18.374 4.1493e+12
    18.386 4.1514e+12
    18.399 4.1535e+12
    18.411 4.1555e+12
    18.424 4.1576e+12
    18.436 4.1597e+12
    18.448 4.1618e+12
    18.461 4.1638e+12
    18.473 4.1659e+12
    18.486 4.1679e+12
    18.498   4.17e+12
     18.51 4.1721e+12
    18.523 4.1741e+12
    18.535 4.1762e+12
    18.548 4.1782e+12
     18.56 4.1803e+12
    18.572 4.1823e+12
    18.585 4.1844e+12
    18.597 4.1864e+12
     18.61 4.1885e+12
    18.622 4.1905e+12
    18.634 4.1926e+12
    18.647 4.1946e+12
    18.659 4.1967e+12
    18.672 4.1987e+12
    18.684 4.2008e+12
    18.696 4.2028e+12
    18.709 4.2048e+12
    18.721 4.2069e+12
    18.734 4.2089e+12
    18.746  4.211e+12
    18.758  4.213e+12
    18.771  4.215e+12
    18.783 4.2171e+12
    18.796 4.2191e+12
    18.808 4.2211e+12
     18.82 4.2231e+12
    18.833 4.2252e+12
    18.845 4.2272e+12
    18.858 4.2292e+12
     18.87 4.2312e+12
    18.882 4.2332e+12
    18.895 4.2353e+12
    18.907 4.2373e+12
     18.92 4.2393e+12
    18.932 4.2413e+12
    18.944 4.2433e+12
    18.957 4.2454e+12
    18.969 4.2474e+12
    18.982 4.2494e+12
    18.994 4.2514e+12
    19.006 4.2534e+12
    19.019 4.2554e+12
    19.031 4.2574e+12
    19.044 4.2594e+12
    19.056 4.2614e+12
    19.068 4.2634e+12
    19.081 4.2654e+12
    19.093 4.2674e+12
    19.106 4.2694e+12
    19.118 4.2714e+12
     19.13 4.2734e+12
    19.143 4.2754e+12
    19.155 4.2774e+12
    19.168 4.2794e+12
     19.18 4.2814e+12
    19.192 4.2834e+12
    19.205 4.2854e+12
    19.217 4.2874e+12
     19.23 4.2893e+12
    19.242 4.2913e+12
    19.254 4.2933e+12
    19.267 4.2953e+12
    19.279 4.2973e+12
    19.291 4.2993e+12
    19.304 4.3012e+12
    19.316 4.3032e+12
    19.329 4.3052e+12
    19.341 4.3072e+12
    19.353 4.3092e+12
    19.366 4.3111e+12
    19.378 4.3131e+12
    19.391 4.3151e+12
    19.403  4.317e+12
    19.415  4.319e+12
    19.428  4.321e+12
     19.44 4.3229e+12
    19.453 4.3249e+12
    19.465 4.3269e+12
    19.477 4.3288e+12
     19.49 4.3308e+12
    19.502 4.3328e+12
    19.515 4.3347e+12
    19.527 4.3366e+12
    19.539 4.3386e+12
    19.552 4.3406e+12
    19.564 4.3425e+12
    19.577 4.3445e+12
    19.589 4.3464e+12
    19.601 4.3484e+12
    19.614 4.3503e+12
    19.626 4.3523e+12
    19.639 4.3542e+12
    19.651 4.3562e+12
    19.663 4.3581e+12
    19.676 4.3601e+12
    19.688  4.362e+12
    19.701 4.3639e+12
    19.713 4.3659e+12
    19.725 4.3678e+12
    19.738 4.3697e+12
     19.75 4.3717e+12
    19.763 4.3736e+12
    19.775 4.3756e+12
    19.787 4.3775e+12
      19.8 4.3794e+12
    19.812 4.3813e+12
    19.825 4.3833e+12
    19.837 4.3852e+12
    19.849 4.3871e+12
    19.862 4.3891e+12
    19.874  4.391e+12
    19.887 4.3929e+12
    19.899 4.3948e+12
    19.911 4.3967e+12
    19.924 4.3987e+12
    19.936 4.4006e+12
    19.949 4.4025e+12
    19.961 4.4044e+12
    19.973 4.4063e+12
    19.986 4.4082e+12
    19.998 4.4102e+12
    20.011 4.4121e+12
    20.023  4.414e+12
    20.035 4.4159e+12
    20.048 4.4178e+12
     20.06 4.4197e+12
    20.073 4.4216e+12
    20.085 4.4235e+12
    20.097 4.4254e+12
     20.11 4.4273e+12
    20.122 4.4292e+12
    20.135 4.4311e+12
    20.147  4.433e+12
    20.159 4.4349e+12
    20.172 4.4368e+12
    20.184 4.4387e+12
    20.197 4.4406e+12
    20.209 4.4425e+12
    20.221 4.4444e+12
    20.234 4.4463e+12
    20.246 4.4482e+12
    20.259 4.4501e+12
    20.271 4.4519e+12
    20.283 4.4538e+12
    20.296 4.4557e+12
    20.308 4.4576e+12
    20.321 4.4595e+12
    20.333 4.4613e+12
    20.345 4.4632e+12
    20.358 4.4651e+12
     20.37  4.467e+12
    20.383 4.4688e+12
    20.395 4.4708e+12
    20.407 4.4726e+12
     20.42 4.4745e+12
    20.432 4.4763e+12
    20.445 4.4782e+12
    20.457 4.4801e+12
    20.469 4.4819e+12
    20.482 4.4838e+12
    20.494 4.4857e+12
    20.507 4.4876e+12
    20.519 4.4894e+12
    20.531 4.4913e+12
    20.544 4.4932e+12
    20.556  4.495e+12
    20.569 4.4969e+12
    20.581 4.4987e+12
    20.593 4.5006e+12
    20.606 4.5024e+12
    20.618 4.5043e+12
     20.63 4.5062e+12
    20.643  4.508e+12
    20.655 4.5099e+12
    20.668 4.5117e+12
     20.68 4.5135e+12
    20.692 4.5154e+12
    20.705 4.5172e+12
    20.717 4.5191e+12
     20.73  4.521e+12
    20.742 4.5228e+12
    20.754 4.5246e+12
    20.767 4.5265e+12
    20.779 4.5283e+12
    20.792 4.5302e+12
    20.804  4.532e+12
    20.816 4.5338e+12
    20.829 4.5357e+12
    20.841 4.5375e+12
    20.854 4.5393e+12
    20.866 4.5412e+12
    20.878  4.543e+12
    20.891 4.5448e+12
    20.903 4.5467e+12
    20.916 4.5485e+12
    20.928 4.5503e+12
     20.94 4.5521e+12
    20.953  4.554e+12
    20.965 4.5558e+12
    20.978 4.5576e+12
     20.99 4.5594e+12
    21.002 4.5612e+12
    21.015 4.5631e+12
    21.027 4.5649e+12
     21.04 4.5667e+12
    21.052 4.5685e+12
    21.064 4.5703e+12
    21.077 4.5722e+12
    21.089  4.574e+12
    21.102 4.5758e+12
    21.114 4.5776e+12
    21.126 4.5794e+12
    21.139 4.5812e+12
    21.151  4.583e+12
    21.164 4.5848e+12
    21.176 4.5866e+12
    21.188 4.5884e+12
    21.201 4.5902e+12
    21.213  4.592e+12
    21.226 4.5938e+12
    21.238 4.5956e+12
     21.25 4.5974e+12
    21.263 4.5992e+12
    21.275  4.601e+12
    21.288 4.6028e+12
      21.3 4.6046e+12
    21.312 4.6064e+12
    21.325 4.6082e+12
    21.337   4.61e+12
     21.35 4.6118e+12
    21.362 4.6136e+12
    21.374 4.6153e+12
    21.387 4.6171e+12
    21.399 4.6189e+12
    21.412 4.6207e+12
    21.424 4.6225e+12
    21.436 4.6243e+12
    21.449 4.6261e+12
    21.461 4.6278e+12
    21.474 4.6296e+12
    21.486 4.6314e+12
    21.498 4.6332e+12
    21.511  4.635e+12
    21.523 4.6367e+12
    21.536 4.6385e+12
    21.548 4.6403e+12
     21.56  4.642e+12
    21.573 4.6438e+12
    21.585 4.6456e+12
    21.598 4.6474e+12
     21.61 4.6491e+12
    21.622 4.6509e+12
    21.635 4.6526e+12
    21.647 4.6544e+12
     21.66 4.6562e+12
    21.672 4.6579e+12
    21.684 4.6597e+12
    21.697 4.6615e+12
    21.709 4.6632e+12
    21.722  4.665e+12
    21.734 4.6667e+12
    21.746 4.6685e+12
    21.759 4.6703e+12
    21.771  4.672e+12
    21.784 4.6737e+12
    21.796 4.6755e+12
    21.808 4.6773e+12
    21.821  4.679e+12
    21.833 4.6808e+12
    21.846 4.6825e+12
    21.858 4.6843e+12
     21.87  4.686e+12
    21.883 4.6877e+12
    21.895 4.6895e+12
    21.908 4.6912e+12
     21.92  4.693e+12
    21.932 4.6947e+12
    21.945 4.6964e+12
    21.957 4.6982e+12
    21.969 4.6999e+12
    21.982 4.7016e+12
    21.994 4.7034e+12
    22.007 4.7051e+12
    22.019 4.7069e+12
    22.031 4.7086e+12
    22.044 4.7103e+12
    22.056 4.7121e+12
    22.069 4.7138e+12
    22.081 4.7155e+12
    22.093 4.7172e+12
    22.106  4.719e+12
    22.118 4.7207e+12
    22.131 4.7224e+12
    22.143 4.7242e+12
    22.155 4.7258e+12
    22.168 4.7276e+12
     22.18 4.7293e+12
    22.193  4.731e+12
    22.205 4.7328e+12
    22.217 4.7344e+12
     22.23 4.7362e+12
    22.242 4.7379e+12
    22.255 4.7396e+12
    22.267 4.7413e+12
    22.279  4.743e+12
    22.292 4.7447e+12
    22.304 4.7464e+12
    22.317 4.7482e+12
    22.329 4.7499e+12
    22.341 4.7516e+12
    22.354 4.7533e+12
    22.366  4.755e+12
    22.379 4.7567e+12
    22.391 4.7584e+12
    22.403 4.7601e+12
    22.416 4.7618e+12
    22.428 4.7635e+12
    22.441 4.7652e+12
    22.453 4.7669e+12
    22.465 4.7686e+12
    22.478 4.7703e+12
     22.49  4.772e+12
    22.503 4.7737e+12
    22.515 4.7753e+12
    22.527 4.7771e+12
     22.54 4.7787e+12
    22.552 4.7804e+12
    22.565 4.7821e+12
    22.577 4.7838e+12
    22.589 4.7855e+12
    22.602 4.7872e+12
    22.614 4.7889e+12
    22.627 4.7905e+12
    22.639 4.7922e+12
    22.651 4.7939e+12
    22.664 4.7956e+12
    22.676 4.7973e+12
    22.689  4.799e+12
    22.701 4.8006e+12
    22.713 4.8023e+12
    22.726  4.804e+12
    22.738 4.8057e+12
    22.751 4.8073e+12
    22.763  4.809e+12
    22.775 4.8107e+12
    22.788 4.8123e+12
      22.8  4.814e+12
    22.813 4.8157e+12
    22.825 4.8174e+12
    22.837  4.819e+12
     22.85 4.8207e+12
    22.862 4.8224e+12
    22.875  4.824e+12
    22.887 4.8257e+12
    22.899 4.8273e+12
    22.912  4.829e+12
    22.924 4.8307e+12
    22.937 4.8323e+12
    22.949  4.834e+12
    22.961 4.8356e+12
    22.974 4.8373e+12
    22.986  4.839e+12
    22.999 4.8406e+12
    23.011 4.8423e+12
    23.023 4.8439e+12
    23.036 4.8456e+12
    23.048 4.8472e+12
    23.061 4.8489e+12
    23.073 4.8505e+12
    23.085 4.8522e+12
    23.098 4.8538e+12
     23.11 4.8555e+12
    23.123 4.8571e+12
    23.135 4.8587e+12
    23.147 4.8604e+12
     23.16  4.862e+12
    23.172 4.8637e+12
    23.185 4.8653e+12
    23.197  4.867e+12
    23.209 4.8686e+12
    23.222 4.8702e+12
    23.234 4.8719e+12
    23.247 4.8735e+12
    23.259 4.8751e+12
    23.271 4.8768e+12
    23.284 4.8784e+12
    23.296   4.88e+12
    23.308 4.8816e+12
    23.321 4.8833e+12
    23.333 4.8849e+12
    23.346 4.8865e+12
    23.358 4.8882e+12
     23.37 4.8898e+12
    23.383 4.8914e+12
    23.395  4.893e+12
    23.408 4.8947e+12
     23.42 4.8963e+12
    23.432 4.8979e+12
    23.445 4.8995e+12
    23.457 4.9012e+12
     23.47 4.9028e+12
    23.482 4.9044e+12
    23.494  4.906e+12
    23.507 4.9076e+12
    23.519 4.9092e+12
    23.532 4.9108e+12
    23.544 4.9125e+12
    23.556 4.9141e+12
    23.569 4.9157e+12
    23.581 4.9173e+12
    23.594 4.9189e+12
    23.606 4.9205e+12
    23.618 4.9221e+12
    23.631 4.9237e+12
    23.643 4.9253e+12
    23.656 4.9269e+12
    23.668 4.9285e+12
     23.68 4.9301e+12
    23.693 4.9317e+12
    23.705 4.9333e+12
    23.718 4.9349e+12
     23.73 4.9365e+12
    23.742 4.9381e+12
    23.755 4.9397e+12
    23.767 4.9413e+12
     23.78 4.9429e+12
    23.792 4.9445e+12
    23.804 4.9461e+12
    23.817 4.9477e+12
    23.829 4.9493e+12
    23.842 4.9509e+12
    23.854 4.9525e+12
    23.866 4.9541e+12
    23.879 4.9557e+12
    23.891 4.9572e+12
    23.904 4.9588e+12
    23.916 4.9604e+12
    23.928  4.962e+12
    23.941 4.9636e+12
    23.953 4.9652e+12
    23.966 4.9667e+12
    23.978 4.9683e+12
     23.99 4.9699e+12
    24.003 4.9715e+12
    24.015 4.9731e+12
    24.028 4.9746e+12
     24.04 4.9762e+12
    24.052 4.9778e+12
    24.065 4.9794e+12
    24.077 4.9809e+12
     24.09 4.9825e+12
    24.102 4.9841e+12
    24.114 4.9856e+12
    24.127 4.9872e+12
    24.139 4.9888e+12
    24.152 4.9904e+12
    24.164 4.9919e+12
    24.176 4.9935e+12
    24.189 4.9951e+12
    24.201 4.9966e+12
    24.214 4.9982e+12
    24.226 4.9998e+12
    24.238 5.0013e+12
    24.251 5.0029e+12
    24.263 5.0044e+12
    24.276  5.006e+12
    24.288 5.0075e+12
      24.3 5.0091e+12
    24.313 5.0106e+12
    24.325 5.0122e+12
    24.338 5.0138e+12
     24.35 5.0153e+12
    24.362 5.0169e+12
    24.375 5.0184e+12
    24.387   5.02e+12
      24.4 5.0215e+12
    24.412 5.0231e+12
    24.424 5.0246e+12
    24.437 5.0262e+12
    24.449 5.0277e+12
    24.462 5.0293e+12
    24.474 5.0308e+12
    24.486 5.0323e+12
    24.499 5.0339e+12
    24.511 5.0354e+12
    24.524  5.037e+12
    24.536 5.0385e+12
    24.548 5.0401e+12
    24.561 5.0416e+12
    24.573 5.0431e+12
    24.585 5.0447e+12
    24.598 5.0462e+12
     24.61 5.0477e+12
    24.623 5.0493e+12
    24.635 5.0508e+12
    24.647 5.0523e+12
     24.66 5.0539e+12
    24.672 5.0554e+12
    24.685 5.0569e+12
    24.697 5.0585e+12
    24.709   5.06e+12
    24.722 5.0615e+12
    24.734  5.063e+12
    24.747 5.0646e+12
    24.759 5.0661e+12
    24.771 5.0676e+12
    24.784 5.0691e+12
    24.796 5.0706e+12
    24.809 5.0722e+12
    24.821 5.0737e+12
    24.833 5.0752e+12
    24.846 5.0768e+12
    24.858 5.0783e+12
    24.871 5.0798e+12
    24.883 5.0813e+12
    24.895 5.0828e+12
    24.908 5.0843e+12
     24.92 5.0858e+12
    24.933 5.0873e+12
    24.945 5.0889e+12
    24.957 5.0904e+12
     24.97 5.0919e+12
    24.982 5.0934e+12
    24.995 5.0949e+12
    25.007 5.0964e+12
    25.019 5.0979e+12
    25.032 5.0994e+12
    25.044 5.1009e+12
    25.057 5.1024e+12
    25.069 5.1039e+12
    25.081 5.1054e+12
    25.094 5.1069e+12
    25.106 5.1085e+12
    25.119 5.1099e+12
    25.131 5.1114e+12
    25.143 5.1129e+12
    25.156 5.1144e+12
    25.168 5.1159e+12
    25.181 5.1174e+12
    25.193 5.1189e+12
    25.205 5.1204e+12
    25.218 5.1219e+12
     25.23 5.1234e+12
    25.243 5.1249e+12
    25.255 5.1264e+12
    25.267 5.1279e+12
     25.28 5.1293e+12
    25.292 5.1308e+12
    25.305 5.1323e+12
    25.317 5.1338e+12
    25.329 5.1353e+12
    25.342 5.1368e+12
    25.354 5.1383e+12
    25.367 5.1398e+12
    25.379 5.1412e+12
    25.391 5.1427e+12
    25.404 5.1442e+12
    25.416 5.1457e+12
    25.429 5.1472e+12
    25.441 5.1486e+12
    25.453 5.1501e+12
    25.466 5.1516e+12
    25.478 5.1531e+12
    25.491 5.1545e+12
    25.503  5.156e+12
    25.515 5.1575e+12
    25.528  5.159e+12
     25.54 5.1604e+12
    25.553 5.1619e+12
    25.565 5.1634e+12
    25.577 5.1648e+12
     25.59 5.1663e+12
    25.602 5.1678e+12
    25.615 5.1692e+12
    25.627 5.1707e+12
    25.639 5.1722e+12
    25.652 5.1736e+12
    25.664 5.1751e+12
    25.677 5.1766e+12
    25.689  5.178e+12
    25.701 5.1795e+12
    25.714 5.1809e+12
    25.726 5.1824e+12
    25.739 5.1839e+12
    25.751 5.1853e+12
    25.763 5.1868e+12
    25.776 5.1882e+12
    25.788 5.1897e+12
    25.801 5.1911e+12
    25.813 5.1926e+12
    25.825  5.194e+12
    25.838 5.1955e+12
     25.85  5.197e+12
    25.863 5.1984e+12
    25.875 5.1998e+12
    25.887 5.2013e+12
      25.9 5.2028e+12
    25.912 5.2042e+12
    25.924 5.2056e+12
    25.937 5.2071e+12
    25.949 5.2085e+12
    25.962   5.21e+12
    25.974 5.2114e+12
    25.986 5.2129e+12
    25.999 5.2143e+12
    26.011 5.2157e+12
    26.024 5.2172e+12
    26.036 5.2186e+12
    26.048 5.2201e+12
    26.061 5.2215e+12
    26.073  5.223e+12
    26.086 5.2244e+12
    26.098 5.2258e+12
     26.11 5.2273e+12
    26.123 5.2287e+12
    26.135 5.2301e+12
    26.148 5.2315e+12
     26.16  5.233e+12
    26.172 5.2344e+12
    26.185 5.2358e+12
    26.197 5.2373e+12
     26.21 5.2387e+12
    26.222 5.2401e+12
    26.234 5.2415e+12
    26.247  5.243e+12
    26.259 5.2444e+12
    26.272 5.2458e+12
    26.284 5.2472e+12
    26.296 5.2487e+12
    26.309 5.2501e+12
    26.321 5.2515e+12
    26.334 5.2529e+12
    26.346 5.2543e+12
    26.358 5.2558e+12
    26.371 5.2572e+12
    26.383 5.2586e+12
    26.396   5.26e+12
    26.408 5.2614e+12
     26.42 5.2628e+12
    26.433 5.2643e+12
    26.445 5.2657e+12
    26.458 5.2671e+12
     26.47 5.2685e+12
    26.482 5.2699e+12
    26.495 5.2713e+12
    26.507 5.2727e+12
     26.52 5.2741e+12
    26.532 5.2755e+12
    26.544 5.2769e+12
    26.557 5.2784e+12
    26.569 5.2798e+12
    26.582 5.2812e+12
    26.594 5.2826e+12
    26.606  5.284e+12
    26.619 5.2854e+12
    26.631 5.2868e+12
    26.644 5.2882e+12
    26.656 5.2896e+12
    26.668  5.291e+12
    26.681 5.2924e+12
    26.693 5.2938e+12
    26.706 5.2952e+12
    26.718 5.2966e+12
     26.73  5.298e+12
    26.743 5.2993e+12
    26.755 5.3008e+12
    26.768 5.3021e+12
     26.78 5.3035e+12
    26.792 5.3049e+12
    26.805 5.3063e+12
    26.817 5.3077e+12
     26.83 5.3091e+12
    26.842 5.3105e+12
    26.854 5.3119e+12
    26.867 5.3133e+12
    26.879 5.3147e+12
    26.892  5.316e+12
    26.904 5.3174e+12
    26.916 5.3188e+12
    26.929 5.3202e+12
    26.941 5.3216e+12
    26.954 5.3229e+12
    26.966 5.3243e+12
    26.978 5.3257e+12
    26.991 5.3271e+12
    27.003 5.3285e+12
    27.016 5.3298e+12
    27.028 5.3312e+12
     27.04 5.3326e+12
    27.053  5.334e+12
    27.065 5.3353e+12
    27.078 5.3367e+12
     27.09 5.3381e+12
    27.102 5.3395e+12
    27.115 5.3408e+12
    27.127 5.3422e+12
     27.14 5.3436e+12
    27.152  5.345e+12
    27.164 5.3463e+12
    27.177 5.3477e+12
    27.189 5.3491e+12
    27.202 5.3504e+12
    27.214 5.3518e+12
    27.226 5.3531e+12
    27.239 5.3545e+12
    27.251 5.3559e+12
    27.263 5.3572e+12
    27.276 5.3586e+12
    27.288   5.36e+12
    27.301 5.3613e+12
    27.313 5.3627e+12
    27.325  5.364e+12
    27.338 5.3654e+12
     27.35 5.3668e+12
    27.363 5.3681e+12
    27.375 5.3695e+12
    27.387 5.3708e+12
      27.4 5.3722e+12
    27.412 5.3735e+12
    27.425 5.3749e+12
    27.437 5.3762e+12
    27.449 5.3776e+12
    27.462 5.3789e+12
    27.474 5.3803e+12
    27.487 5.3816e+12
    27.499  5.383e+12
    27.511 5.3844e+12
    27.524 5.3857e+12
    27.536  5.387e+12
    27.549 5.3884e+12
    27.561 5.3897e+12
    27.573 5.3911e+12
    27.586 5.3924e+12
    27.598 5.3938e+12
    27.611 5.3951e+12
    27.623 5.3964e+12
    27.635 5.3978e+12
    27.648 5.3991e+12
     27.66 5.4005e+12
    27.673 5.4018e+12
    27.685 5.4031e+12
    27.697 5.4045e+12
     27.71 5.4058e+12
    27.722 5.4072e+12
    27.735 5.4085e+12
    27.747 5.4098e+12
    27.759 5.4112e+12
    27.772 5.4125e+12
    27.784 5.4138e+12
    27.797 5.4151e+12
    27.809 5.4165e+12
    27.821 5.4178e+12
    27.834 5.4191e+12
    27.846 5.4205e+12
    27.859 5.4218e+12
    27.871 5.4231e+12
    27.883 5.4245e+12
    27.896 5.4258e+12
    27.908 5.4271e+12
    27.921 5.4285e+12
    27.933 5.4298e+12
    27.945 5.4311e+12
    27.958 5.4324e+12
     27.97 5.4337e+12
    27.983 5.4351e+12
    27.995 5.4364e+12
    28.007 5.4377e+12
     28.02  5.439e+12
    28.032 5.4403e+12
    28.045 5.4416e+12
    28.057  5.443e+12
    28.069 5.4443e+12
    28.082 5.4456e+12
    28.094 5.4469e+12
    28.107 5.4482e+12
    28.119 5.4495e+12
    28.131 5.4508e+12
    28.144 5.4522e+12
    28.156 5.4535e+12
    28.169 5.4548e+12
    28.181 5.4561e+12
    28.193 5.4574e+12
    28.206 5.4587e+12
    28.218   5.46e+12
    28.231 5.4613e+12
    28.243 5.4626e+12
    28.255 5.4639e+12
    28.268 5.4652e+12
     28.28 5.4665e+12
    28.293 5.4678e+12
    28.305 5.4691e+12
    28.317 5.4705e+12
     28.33 5.4717e+12
    28.342  5.473e+12
    28.355 5.4744e+12
    28.367 5.4756e+12
    28.379  5.477e+12
    28.392 5.4782e+12
    28.404 5.4795e+12
    28.417 5.4808e+12
    28.429 5.4821e+12
    28.441 5.4834e+12
    28.454 5.4847e+12
    28.466  5.486e+12
    28.479 5.4873e+12
    28.491 5.4886e+12
    28.503 5.4899e+12
    28.516 5.4912e+12
    28.528 5.4925e+12
    28.541 5.4938e+12
    28.553  5.495e+12
    28.565 5.4963e+12
    28.578 5.4976e+12
     28.59 5.4989e+12
    28.602 5.5002e+12
    28.615 5.5015e+12
    28.627 5.5028e+12
     28.64  5.504e+12
    28.652 5.5053e+12
    28.664 5.5066e+12
    28.677 5.5079e+12
    28.689 5.5092e+12
    28.702 5.5105e+12
    28.714 5.5117e+12
    28.726  5.513e+12
    28.739 5.5143e+12
    28.751 5.5156e+12
    28.764 5.5168e+12
    28.776 5.5181e+12
    28.788 5.5194e+12
    28.801 5.5207e+12
    28.813 5.5219e+12
    28.826 5.5232e+12
    28.838 5.5245e+12
     28.85 5.5258e+12
    28.863  5.527e+12
    28.875 5.5283e+12
    28.888 5.5296e+12
      28.9 5.5309e+12
    28.912 5.5321e+12
    28.925 5.5334e+12
    28.937 5.5347e+12
     28.95 5.5359e+12
    28.962 5.5372e+12
    28.974 5.5385e+12
    28.987 5.5397e+12
    28.999  5.541e+12
    29.012 5.5423e+12
    29.024 5.5435e+12
    29.036 5.5448e+12
    29.049  5.546e+12
    29.061 5.5473e+12
    29.074 5.5486e+12
    29.086 5.5498e+12
    29.098 5.5511e+12
    29.111 5.5523e+12
    29.123 5.5536e+12
    29.136 5.5549e+12
    29.148 5.5561e+12
     29.16 5.5574e+12
    29.173 5.5586e+12
    29.185 5.5599e+12
    29.198 5.5611e+12
     29.21 5.5624e+12
    29.222 5.5636e+12
    29.235 5.5649e+12
    29.247 5.5661e+12
     29.26 5.5674e+12
    29.272 5.5687e+12
    29.284 5.5699e+12
    29.297 5.5711e+12
    29.309 5.5724e+12
    29.322 5.5736e+12
    29.334 5.5749e+12
    29.346 5.5761e+12
    29.359 5.5774e+12
    29.371 5.5786e+12
    29.384 5.5799e+12
    29.396 5.5811e+12
    29.408 5.5824e+12
    29.421 5.5836e+12
    29.433 5.5848e+12
    29.446 5.5861e+12
    29.458 5.5873e+12
     29.47 5.5886e+12
    29.483 5.5898e+12
    29.495  5.591e+12
    29.508 5.5923e+12
     29.52 5.5935e+12
    29.532 5.5947e+12
    29.545  5.596e+12
    29.557 5.5972e+12
     29.57 5.5985e+12
    29.582 5.5997e+12
    29.594 5.6009e+12
    29.607 5.6021e+12
    29.619 5.6034e+12
    29.632 5.6046e+12
    29.644 5.6058e+12
    29.656 5.6071e+12
    29.669 5.6083e+12
    29.681 5.6095e+12
    29.694 5.6108e+12
    29.706  5.612e+12
    29.718 5.6132e+12
    29.731 5.6144e+12
    29.743 5.6156e+12
    29.756 5.6169e+12
    29.768 5.6181e+12
     29.78 5.6193e+12
    29.793 5.6206e+12
    29.805 5.6218e+12
    29.818  5.623e+12
     29.83 5.6242e+12
    29.842 5.6254e+12
    29.855 5.6266e+12
    29.867 5.6279e+12
     29.88 5.6291e+12
    29.892 5.6303e+12
    29.904 5.6315e+12
    29.917 5.6327e+12
    29.929  5.634e+12
    29.941 5.6352e+12
    29.954 5.6364e+12
    29.966 5.6376e+12
    29.979 5.6388e+12
    29.991   5.64e+12
    30.003 5.6412e+12
