RRKM rate, sf=0.970, S*=-14.78, E0=0.32 and Delta=0.00
   En (eV)    k (s-1)
         0          0
  0.012398          0
  0.024796          0
  0.037194          0
  0.049593          0
  0.061991          0
  0.074389          0
  0.086787          0
  0.099185          0
   0.11158          0
   0.12398          0
   0.13638          0
   0.14878          0
   0.16118          0
   0.17357          0
   0.18597          0
   0.19837          0
   0.21077          0
   0.22317          0
   0.23556          0
   0.24796          0
   0.26036          0
   0.27276          0
   0.28516          0
   0.29756          0
   0.30995          0
   0.32235 2.5857e+06
   0.33475 5.3448e+06
   0.34715 9.8762e+06
   0.35955 1.6332e+07
   0.37194 2.2861e+07
   0.38434 3.3413e+07
   0.39674 4.4811e+07
   0.40914 5.9119e+07
   0.42154 7.6529e+07
   0.43393 9.5966e+07
   0.44633  1.199e+08
   0.45873 1.4628e+08
   0.47113 1.7694e+08
   0.48353  2.112e+08
   0.49593 2.4954e+08
   0.50832 2.9268e+08
   0.52072  3.399e+08
   0.53312 3.9247e+08
   0.54552 4.4966e+08
   0.55792 5.1234e+08
   0.57031  5.805e+08
   0.58271 6.5418e+08
   0.59511 7.3393e+08
   0.60751 8.1957e+08
   0.61991 9.1163e+08
    0.6323 1.0101e+09
    0.6447 1.1152e+09
    0.6571 1.2271e+09
    0.6695  1.346e+09
    0.6819 1.4722e+09
    0.6943 1.6056e+09
   0.70669 1.7466e+09
   0.71909 1.8952e+09
   0.73149 2.0517e+09
   0.74389 2.2161e+09
   0.75629 2.3887e+09
   0.76868 2.5695e+09
   0.78108 2.7588e+09
   0.79348 2.9566e+09
   0.80588  3.163e+09
   0.81828 3.3783e+09
   0.83067 3.6025e+09
   0.84307 3.8357e+09
   0.85547 4.0781e+09
   0.86787 4.3298e+09
   0.88027 4.5909e+09
   0.89267 4.8615e+09
   0.90506 5.1416e+09
   0.91746 5.4315e+09
   0.92986 5.7311e+09
   0.94226 6.0407e+09
   0.95466 6.3602e+09
   0.96705 6.6898e+09
   0.97945 7.0295e+09
   0.99185 7.3794e+09
    1.0042 7.7397e+09
    1.0166 8.1103e+09
     1.029 8.4914e+09
    1.0414  8.883e+09
    1.0538 9.2852e+09
    1.0662  9.698e+09
    1.0786 1.0122e+10
     1.091 1.0556e+10
    1.1034 1.1001e+10
    1.1158 1.1457e+10
    1.1282 1.1924e+10
    1.1406 1.2402e+10
     1.153 1.2891e+10
    1.1654  1.339e+10
    1.1778 1.3902e+10
    1.1902 1.4424e+10
    1.2026 1.4957e+10
     1.215 1.5502e+10
    1.2274 1.6058e+10
    1.2398 1.6625e+10
    1.2522 1.7203e+10
    1.2646 1.7793e+10
     1.277 1.8394e+10
    1.2894 1.9006e+10
    1.3018  1.963e+10
    1.3142 2.0265e+10
    1.3266 2.0912e+10
     1.339  2.157e+10
    1.3514  2.224e+10
    1.3638 2.2921e+10
    1.3762 2.3614e+10
    1.3886 2.4318e+10
     1.401 2.5033e+10
    1.4134 2.5761e+10
    1.4258 2.6499e+10
    1.4382 2.7249e+10
    1.4506 2.8011e+10
     1.463 2.8785e+10
    1.4754 2.9569e+10
    1.4878 3.0366e+10
    1.5002 3.1173e+10
    1.5126 3.1993e+10
     1.525 3.2824e+10
    1.5374 3.3666e+10
    1.5498  3.452e+10
    1.5622 3.5386e+10
    1.5746 3.6262e+10
     1.587 3.7151e+10
    1.5994 3.8051e+10
    1.6118 3.8962e+10
    1.6242 3.9885e+10
    1.6366 4.0819e+10
     1.649 4.1765e+10
    1.6613 4.2722e+10
    1.6737  4.369e+10
    1.6861  4.467e+10
    1.6985 4.5661e+10
    1.7109 4.6664e+10
    1.7233 4.7678e+10
    1.7357 4.8703e+10
    1.7481 4.9739e+10
    1.7605 5.0787e+10
    1.7729 5.1846e+10
    1.7853 5.2916e+10
    1.7977 5.3997e+10
    1.8101 5.5089e+10
    1.8225 5.6193e+10
    1.8349 5.7308e+10
    1.8473 5.8434e+10
    1.8597  5.957e+10
    1.8721 6.0718e+10
    1.8845 6.1877e+10
    1.8969 6.3047e+10
    1.9093 6.4228e+10
    1.9217  6.542e+10
    1.9341 6.6622e+10
    1.9465 6.7836e+10
    1.9589  6.906e+10
    1.9713 7.0295e+10
    1.9837 7.1541e+10
    1.9961 7.2798e+10
    2.0085 7.4065e+10
    2.0209 7.5343e+10
    2.0333 7.6632e+10
    2.0457 7.7931e+10
    2.0581 7.9241e+10
    2.0705 8.0561e+10
    2.0829 8.1892e+10
    2.0953 8.3234e+10
    2.1077 8.4585e+10
    2.1201 8.5947e+10
    2.1325  8.732e+10
    2.1449 8.8703e+10
    2.1573 9.0096e+10
    2.1697   9.15e+10
    2.1821 9.2914e+10
    2.1945 9.4338e+10
    2.2069 9.5772e+10
    2.2193 9.7217e+10
    2.2317 9.8671e+10
    2.2441 1.0014e+11
    2.2565 1.0161e+11
    2.2689 1.0309e+11
    2.2813 1.0459e+11
    2.2937 1.0609e+11
    2.3061 1.0761e+11
    2.3185 1.0913e+11
    2.3308 1.1066e+11
    2.3432 1.1221e+11
    2.3556 1.1376e+11
     2.368 1.1532e+11
    2.3804  1.169e+11
    2.3928 1.1848e+11
    2.4052 1.2007e+11
    2.4176 1.2167e+11
      2.43 1.2328e+11
    2.4424  1.249e+11
    2.4548 1.2653e+11
    2.4672 1.2817e+11
    2.4796 1.2982e+11
     2.492 1.3148e+11
    2.5044 1.3314e+11
    2.5168 1.3482e+11
    2.5292 1.3651e+11
    2.5416  1.382e+11
     2.554  1.399e+11
    2.5664 1.4162e+11
    2.5788 1.4334e+11
    2.5912 1.4507e+11
    2.6036 1.4681e+11
     2.616 1.4856e+11
    2.6284 1.5031e+11
    2.6408 1.5208e+11
    2.6532 1.5386e+11
    2.6656 1.5564e+11
     2.678 1.5743e+11
    2.6904 1.5923e+11
    2.7028 1.6104e+11
    2.7152 1.6286e+11
    2.7276 1.6469e+11
      2.74 1.6652e+11
    2.7524 1.6837e+11
    2.7648 1.7022e+11
    2.7772 1.7208e+11
    2.7896 1.7395e+11
     2.802 1.7583e+11
    2.8144 1.7771e+11
    2.8268 1.7961e+11
    2.8392 1.8151e+11
    2.8516 1.8342e+11
     2.864 1.8534e+11
    2.8764 1.8726e+11
    2.8888  1.892e+11
    2.9012 1.9114e+11
    2.9136 1.9309e+11
     2.926 1.9505e+11
    2.9384 1.9702e+11
    2.9508 1.9899e+11
    2.9632 2.0097e+11
    2.9756 2.0296e+11
     2.988 2.0496e+11
    3.0003 2.0697e+11
    3.0127 2.0898e+11
    3.0251   2.11e+11
    3.0375 2.1303e+11
    3.0499 2.1506e+11
    3.0623 2.1711e+11
    3.0747 2.1916e+11
    3.0871 2.2122e+11
    3.0995 2.2328e+11
    3.1119 2.2536e+11
    3.1243 2.2744e+11
    3.1367 2.2952e+11
    3.1491 2.3162e+11
    3.1615 2.3372e+11
    3.1739 2.3583e+11
    3.1863 2.3795e+11
    3.1987 2.4007e+11
    3.2111  2.422e+11
    3.2235 2.4434e+11
    3.2359 2.4649e+11
    3.2483 2.4864e+11
    3.2607  2.508e+11
    3.2731 2.5296e+11
    3.2855 2.5514e+11
    3.2979 2.5732e+11
    3.3103  2.595e+11
    3.3227  2.617e+11
    3.3351 2.6389e+11
    3.3475  2.661e+11
    3.3599 2.6832e+11
    3.3723 2.7054e+11
    3.3847 2.7276e+11
    3.3971   2.75e+11
    3.4095 2.7724e+11
    3.4219 2.7948e+11
    3.4343 2.8173e+11
    3.4467 2.8399e+11
    3.4591 2.8626e+11
    3.4715 2.8853e+11
    3.4839 2.9081e+11
    3.4963 2.9309e+11
    3.5087 2.9538e+11
    3.5211 2.9768e+11
    3.5335 2.9998e+11
    3.5459 3.0229e+11
    3.5583  3.046e+11
    3.5707 3.0693e+11
    3.5831 3.0925e+11
    3.5955 3.1159e+11
    3.6079 3.1393e+11
    3.6203 3.1627e+11
    3.6327 3.1862e+11
    3.6451 3.2098e+11
    3.6574 3.2334e+11
    3.6698 3.2571e+11
    3.6822 3.2809e+11
    3.6946 3.3047e+11
     3.707 3.3285e+11
    3.7194 3.3524e+11
    3.7318 3.3764e+11
    3.7442 3.4005e+11
    3.7566 3.4245e+11
     3.769 3.4487e+11
    3.7814 3.4729e+11
    3.7938 3.4971e+11
    3.8062 3.5214e+11
    3.8186 3.5458e+11
     3.831 3.5702e+11
    3.8434 3.5947e+11
    3.8558 3.6192e+11
    3.8682 3.6438e+11
    3.8806 3.6684e+11
     3.893 3.6931e+11
    3.9054 3.7178e+11
    3.9178 3.7426e+11
    3.9302 3.7675e+11
    3.9426 3.7923e+11
     3.955 3.8173e+11
    3.9674 3.8423e+11
    3.9798 3.8673e+11
    3.9922 3.8924e+11
    4.0046 3.9175e+11
     4.017 3.9427e+11
    4.0294  3.968e+11
    4.0418 3.9933e+11
    4.0542 4.0186e+11
    4.0666  4.044e+11
     4.079 4.0694e+11
    4.0914 4.0949e+11
    4.1038 4.1204e+11
    4.1162  4.146e+11
    4.1286 4.1716e+11
     4.141 4.1973e+11
    4.1534  4.223e+11
    4.1658 4.2488e+11
    4.1782 4.2746e+11
    4.1906 4.3005e+11
     4.203 4.3264e+11
    4.2154 4.3523e+11
    4.2278 4.3783e+11
    4.2402 4.4043e+11
    4.2526 4.4304e+11
     4.265 4.4565e+11
    4.2774 4.4827e+11
    4.2898 4.5089e+11
    4.3022 4.5351e+11
    4.3146 4.5615e+11
    4.3269 4.5878e+11
    4.3393 4.6142e+11
    4.3517 4.6406e+11
    4.3641 4.6671e+11
    4.3765 4.6936e+11
    4.3889 4.7201e+11
    4.4013 4.7467e+11
    4.4137 4.7734e+11
    4.4261    4.8e+11
    4.4385 4.8267e+11
    4.4509 4.8535e+11
    4.4633 4.8803e+11
    4.4757 4.9071e+11
    4.4881  4.934e+11
    4.5005 4.9609e+11
    4.5129 4.9878e+11
    4.5253 5.0148e+11
    4.5377 5.0419e+11
    4.5501 5.0689e+11
    4.5625  5.096e+11
    4.5749 5.1232e+11
    4.5873 5.1503e+11
    4.5997 5.1776e+11
    4.6121 5.2048e+11
    4.6245 5.2321e+11
    4.6369 5.2594e+11
    4.6493 5.2868e+11
    4.6617 5.3142e+11
    4.6741 5.3416e+11
    4.6865 5.3691e+11
    4.6989 5.3966e+11
    4.7113 5.4241e+11
    4.7237 5.4517e+11
    4.7361 5.4793e+11
    4.7485 5.5069e+11
    4.7609 5.5346e+11
    4.7733 5.5623e+11
    4.7857 5.5901e+11
    4.7981 5.6178e+11
    4.8105 5.6457e+11
    4.8229 5.6735e+11
    4.8353 5.7014e+11
    4.8477 5.7293e+11
    4.8601 5.7572e+11
    4.8725 5.7852e+11
    4.8849 5.8132e+11
    4.8973 5.8412e+11
    4.9097 5.8693e+11
    4.9221 5.8974e+11
    4.9345 5.9255e+11
    4.9469 5.9537e+11
    4.9593 5.9819e+11
    4.9717 6.0101e+11
     4.984 6.0383e+11
    4.9964 6.0666e+11
    5.0088 6.0949e+11
    5.0212 6.1233e+11
    5.0336 6.1516e+11
     5.046   6.18e+11
    5.0584 6.2085e+11
    5.0708 6.2369e+11
    5.0832 6.2654e+11
    5.0956 6.2939e+11
     5.108 6.3224e+11
    5.1204  6.351e+11
    5.1328 6.3796e+11
    5.1452 6.4083e+11
    5.1576 6.4369e+11
      5.17 6.4656e+11
    5.1824 6.4943e+11
    5.1948  6.523e+11
    5.2072 6.5518e+11
    5.2196 6.5805e+11
     5.232 6.6093e+11
    5.2444 6.6382e+11
    5.2568  6.667e+11
    5.2692 6.6959e+11
    5.2816 6.7248e+11
     5.294 6.7538e+11
    5.3064 6.7828e+11
    5.3188 6.8117e+11
    5.3312 6.8407e+11
    5.3436 6.8698e+11
     5.356 6.8988e+11
    5.3684 6.9279e+11
    5.3808  6.957e+11
    5.3932 6.9862e+11
    5.4056 7.0153e+11
     5.418 7.0445e+11
    5.4304 7.0737e+11
    5.4428 7.1029e+11
    5.4552 7.1322e+11
    5.4676 7.1614e+11
      5.48 7.1907e+11
    5.4924 7.2201e+11
    5.5048 7.2494e+11
    5.5172 7.2787e+11
    5.5296 7.3081e+11
     5.542 7.3375e+11
    5.5544 7.3669e+11
    5.5668 7.3964e+11
    5.5792 7.4259e+11
    5.5916 7.4553e+11
     5.604 7.4848e+11
    5.6164 7.5144e+11
    5.6288 7.5439e+11
    5.6412 7.5735e+11
    5.6535  7.603e+11
    5.6659 7.6326e+11
    5.6783 7.6623e+11
    5.6907 7.6919e+11
    5.7031 7.7216e+11
    5.7155 7.7513e+11
    5.7279  7.781e+11
    5.7403 7.8107e+11
    5.7527 7.8405e+11
    5.7651 7.8702e+11
    5.7775    7.9e+11
    5.7899 7.9298e+11
    5.8023 7.9596e+11
    5.8147 7.9894e+11
    5.8271 8.0193e+11
    5.8395 8.0491e+11
    5.8519  8.079e+11
    5.8643 8.1089e+11
    5.8767 8.1388e+11
    5.8891 8.1688e+11
    5.9015 8.1987e+11
    5.9139 8.2286e+11
    5.9263 8.2586e+11
    5.9387 8.2886e+11
    5.9511 8.3187e+11
    5.9635 8.3487e+11
    5.9759 8.3787e+11
    5.9883 8.4088e+11
    6.0007 8.4389e+11
    6.0131  8.469e+11
    6.0255 8.4991e+11
    6.0379 8.5292e+11
    6.0503 8.5593e+11
    6.0627 8.5895e+11
    6.0751 8.6197e+11
    6.0875 8.6498e+11
    6.0999   8.68e+11
    6.1123 8.7102e+11
    6.1247 8.7404e+11
    6.1371 8.7707e+11
    6.1495  8.801e+11
    6.1619 8.8312e+11
    6.1743 8.8615e+11
    6.1867 8.8918e+11
    6.1991 8.9221e+11
    6.2115 8.9524e+11
    6.2239 8.9827e+11
    6.2363 9.0131e+11
    6.2487 9.0434e+11
    6.2611 9.0738e+11
    6.2735 9.1042e+11
    6.2859 9.1346e+11
    6.2983  9.165e+11
    6.3107 9.1954e+11
     6.323 9.2258e+11
    6.3354 9.2563e+11
    6.3478 9.2867e+11
    6.3602 9.3172e+11
    6.3726 9.3477e+11
     6.385 9.3782e+11
    6.3974 9.4087e+11
    6.4098 9.4391e+11
    6.4222 9.4697e+11
    6.4346 9.5002e+11
     6.447 9.5308e+11
    6.4594 9.5613e+11
    6.4718 9.5919e+11
    6.4842 9.6225e+11
    6.4966  9.653e+11
     6.509 9.6836e+11
    6.5214 9.7142e+11
    6.5338 9.7448e+11
    6.5462 9.7754e+11
    6.5586 9.8061e+11
     6.571 9.8367e+11
    6.5834 9.8674e+11
    6.5958  9.898e+11
    6.6082 9.9287e+11
    6.6206 9.9594e+11
     6.633 9.9901e+11
    6.6454 1.0021e+12
    6.6578 1.0051e+12
    6.6702 1.0082e+12
    6.6826 1.0113e+12
     6.695 1.0144e+12
    6.7074 1.0174e+12
    6.7198 1.0205e+12
    6.7322 1.0236e+12
    6.7446 1.0267e+12
     6.757 1.0297e+12
    6.7694 1.0328e+12
    6.7818 1.0359e+12
    6.7942  1.039e+12
    6.8066 1.0421e+12
     6.819 1.0451e+12
    6.8314 1.0482e+12
    6.8438 1.0513e+12
    6.8562 1.0544e+12
    6.8686 1.0575e+12
     6.881 1.0605e+12
    6.8934 1.0636e+12
    6.9058 1.0667e+12
    6.9182 1.0698e+12
    6.9306 1.0729e+12
     6.943  1.076e+12
    6.9554 1.0791e+12
    6.9678 1.0821e+12
    6.9801 1.0852e+12
    6.9925 1.0883e+12
    7.0049 1.0914e+12
    7.0173 1.0945e+12
    7.0297 1.0976e+12
    7.0421 1.1007e+12
    7.0545 1.1038e+12
    7.0669 1.1069e+12
    7.0793   1.11e+12
    7.0917 1.1131e+12
    7.1041 1.1161e+12
    7.1165 1.1192e+12
    7.1289 1.1223e+12
    7.1413 1.1254e+12
    7.1537 1.1285e+12
    7.1661 1.1316e+12
    7.1785 1.1347e+12
    7.1909 1.1378e+12
    7.2033 1.1409e+12
    7.2157  1.144e+12
    7.2281 1.1471e+12
    7.2405 1.1502e+12
    7.2529 1.1533e+12
    7.2653 1.1564e+12
    7.2777 1.1595e+12
    7.2901 1.1626e+12
    7.3025 1.1657e+12
    7.3149 1.1688e+12
    7.3273 1.1719e+12
    7.3397  1.175e+12
    7.3521 1.1781e+12
    7.3645 1.1812e+12
    7.3769 1.1843e+12
    7.3893 1.1874e+12
    7.4017 1.1905e+12
    7.4141 1.1936e+12
    7.4265 1.1967e+12
    7.4389 1.1998e+12
    7.4513 1.2029e+12
    7.4637  1.206e+12
    7.4761 1.2091e+12
    7.4885 1.2122e+12
    7.5009 1.2153e+12
    7.5133 1.2184e+12
    7.5257 1.2215e+12
    7.5381 1.2246e+12
    7.5505 1.2277e+12
    7.5629 1.2308e+12
    7.5753  1.234e+12
    7.5877 1.2371e+12
    7.6001 1.2402e+12
    7.6125 1.2433e+12
    7.6249 1.2464e+12
    7.6373 1.2495e+12
    7.6496 1.2526e+12
     7.662 1.2557e+12
    7.6744 1.2588e+12
    7.6868 1.2619e+12
    7.6992  1.265e+12
    7.7116 1.2681e+12
     7.724 1.2712e+12
    7.7364 1.2743e+12
    7.7488 1.2774e+12
    7.7612 1.2805e+12
    7.7736 1.2836e+12
     7.786 1.2867e+12
    7.7984 1.2898e+12
    7.8108 1.2929e+12
    7.8232  1.296e+12
    7.8356 1.2991e+12
     7.848 1.3023e+12
    7.8604 1.3054e+12
    7.8728 1.3085e+12
    7.8852 1.3116e+12
    7.8976 1.3147e+12
      7.91 1.3178e+12
    7.9224 1.3209e+12
    7.9348  1.324e+12
    7.9472 1.3271e+12
    7.9596 1.3302e+12
     7.972 1.3333e+12
    7.9844 1.3364e+12
    7.9968 1.3395e+12
    8.0092 1.3426e+12
    8.0216 1.3457e+12
     8.034 1.3488e+12
    8.0464 1.3519e+12
    8.0588  1.355e+12
    8.0712 1.3581e+12
    8.0836 1.3612e+12
     8.096 1.3643e+12
    8.1084 1.3674e+12
    8.1208 1.3705e+12
    8.1332 1.3736e+12
    8.1456 1.3767e+12
     8.158 1.3798e+12
    8.1704 1.3829e+12
    8.1828  1.386e+12
    8.1952 1.3891e+12
    8.2076 1.3922e+12
      8.22 1.3953e+12
    8.2324 1.3984e+12
    8.2448 1.4015e+12
    8.2572 1.4046e+12
    8.2696 1.4077e+12
     8.282 1.4108e+12
    8.2944 1.4139e+12
    8.3067  1.417e+12
    8.3191 1.4201e+12
    8.3315 1.4232e+12
    8.3439 1.4263e+12
    8.3563 1.4294e+12
    8.3687 1.4325e+12
    8.3811 1.4356e+12
    8.3935 1.4387e+12
    8.4059 1.4418e+12
    8.4183 1.4449e+12
    8.4307  1.448e+12
    8.4431 1.4511e+12
    8.4555 1.4542e+12
    8.4679 1.4573e+12
    8.4803 1.4604e+12
    8.4927 1.4635e+12
    8.5051 1.4665e+12
    8.5175 1.4696e+12
    8.5299 1.4727e+12
    8.5423 1.4758e+12
    8.5547 1.4789e+12
    8.5671  1.482e+12
    8.5795 1.4851e+12
    8.5919 1.4882e+12
    8.6043 1.4913e+12
    8.6167 1.4944e+12
    8.6291 1.4974e+12
    8.6415 1.5005e+12
    8.6539 1.5036e+12
    8.6663 1.5067e+12
    8.6787 1.5098e+12
    8.6911 1.5129e+12
    8.7035  1.516e+12
    8.7159 1.5191e+12
    8.7283 1.5221e+12
    8.7407 1.5252e+12
    8.7531 1.5283e+12
    8.7655 1.5314e+12
    8.7779 1.5345e+12
    8.7903 1.5375e+12
    8.8027 1.5406e+12
    8.8151 1.5437e+12
    8.8275 1.5468e+12
    8.8399 1.5499e+12
    8.8523 1.5529e+12
    8.8647  1.556e+12
    8.8771 1.5591e+12
    8.8895 1.5622e+12
    8.9019 1.5652e+12
    8.9143 1.5683e+12
    8.9267 1.5714e+12
    8.9391 1.5745e+12
    8.9515 1.5776e+12
    8.9639 1.5806e+12
    8.9762 1.5837e+12
    8.9886 1.5868e+12
     9.001 1.5898e+12
    9.0134 1.5929e+12
    9.0258  1.596e+12
    9.0382  1.599e+12
    9.0506 1.6021e+12
     9.063 1.6052e+12
    9.0754 1.6083e+12
    9.0878 1.6113e+12
    9.1002 1.6144e+12
    9.1126 1.6175e+12
     9.125 1.6205e+12
    9.1374 1.6236e+12
    9.1498 1.6266e+12
    9.1622 1.6297e+12
    9.1746 1.6328e+12
     9.187 1.6358e+12
    9.1994 1.6389e+12
    9.2118  1.642e+12
    9.2242  1.645e+12
    9.2366 1.6481e+12
     9.249 1.6511e+12
    9.2614 1.6542e+12
    9.2738 1.6573e+12
    9.2862 1.6603e+12
    9.2986 1.6634e+12
     9.311 1.6664e+12
    9.3234 1.6695e+12
    9.3358 1.6725e+12
    9.3482 1.6756e+12
    9.3606 1.6786e+12
     9.373 1.6817e+12
    9.3854 1.6847e+12
    9.3978 1.6878e+12
    9.4102 1.6908e+12
    9.4226 1.6939e+12
     9.435 1.6969e+12
    9.4474    1.7e+12
    9.4598  1.703e+12
    9.4722 1.7061e+12
    9.4846 1.7091e+12
     9.497 1.7122e+12
    9.5094 1.7152e+12
    9.5218 1.7182e+12
    9.5342 1.7213e+12
    9.5466 1.7243e+12
     9.559 1.7274e+12
    9.5714 1.7304e+12
    9.5838 1.7334e+12
    9.5962 1.7365e+12
    9.6086 1.7395e+12
     9.621 1.7425e+12
    9.6333 1.7456e+12
    9.6457 1.7486e+12
    9.6581 1.7516e+12
    9.6705 1.7547e+12
    9.6829 1.7577e+12
    9.6953 1.7607e+12
    9.7077 1.7638e+12
    9.7201 1.7668e+12
    9.7325 1.7698e+12
    9.7449 1.7729e+12
    9.7573 1.7759e+12
    9.7697 1.7789e+12
    9.7821 1.7819e+12
    9.7945  1.785e+12
    9.8069  1.788e+12
    9.8193  1.791e+12
    9.8317  1.794e+12
    9.8441  1.797e+12
    9.8565 1.8001e+12
    9.8689 1.8031e+12
    9.8813 1.8061e+12
    9.8937 1.8091e+12
    9.9061 1.8121e+12
    9.9185 1.8151e+12
    9.9309 1.8182e+12
    9.9433 1.8212e+12
    9.9557 1.8242e+12
    9.9681 1.8272e+12
    9.9805 1.8302e+12
    9.9929 1.8332e+12
    10.005 1.8362e+12
    10.018 1.8392e+12
     10.03 1.8422e+12
    10.042 1.8452e+12
    10.055 1.8482e+12
    10.067 1.8512e+12
     10.08 1.8543e+12
    10.092 1.8573e+12
    10.104 1.8603e+12
    10.117 1.8633e+12
    10.129 1.8663e+12
    10.142 1.8693e+12
    10.154 1.8722e+12
    10.166 1.8752e+12
    10.179 1.8782e+12
    10.191 1.8812e+12
    10.204 1.8842e+12
    10.216 1.8872e+12
    10.228 1.8902e+12
    10.241 1.8932e+12
    10.253 1.8962e+12
    10.266 1.8992e+12
    10.278 1.9022e+12
     10.29 1.9052e+12
    10.303 1.9081e+12
    10.315 1.9111e+12
    10.328 1.9141e+12
     10.34 1.9171e+12
    10.352 1.9201e+12
    10.365  1.923e+12
    10.377  1.926e+12
     10.39  1.929e+12
    10.402  1.932e+12
    10.414  1.935e+12
    10.427 1.9379e+12
    10.439 1.9409e+12
    10.452 1.9439e+12
    10.464 1.9469e+12
    10.476 1.9498e+12
    10.489 1.9528e+12
    10.501 1.9558e+12
    10.514 1.9587e+12
    10.526 1.9617e+12
    10.538 1.9647e+12
    10.551 1.9676e+12
    10.563 1.9706e+12
    10.576 1.9736e+12
    10.588 1.9765e+12
      10.6 1.9795e+12
    10.613 1.9824e+12
    10.625 1.9854e+12
    10.638 1.9884e+12
     10.65 1.9913e+12
    10.662 1.9943e+12
    10.675 1.9972e+12
    10.687 2.0002e+12
      10.7 2.0031e+12
    10.712 2.0061e+12
    10.724  2.009e+12
    10.737  2.012e+12
    10.749 2.0149e+12
    10.762 2.0179e+12
    10.774 2.0208e+12
    10.786 2.0238e+12
    10.799 2.0267e+12
    10.811 2.0297e+12
    10.824 2.0326e+12
    10.836 2.0355e+12
    10.848 2.0385e+12
    10.861 2.0414e+12
    10.873 2.0444e+12
    10.886 2.0473e+12
    10.898 2.0502e+12
     10.91 2.0532e+12
    10.923 2.0561e+12
    10.935  2.059e+12
    10.948 2.0619e+12
     10.96 2.0649e+12
    10.972 2.0678e+12
    10.985 2.0707e+12
    10.997 2.0737e+12
     11.01 2.0766e+12
    11.022 2.0795e+12
    11.034 2.0824e+12
    11.047 2.0854e+12
    11.059 2.0883e+12
    11.072 2.0912e+12
    11.084 2.0941e+12
    11.096  2.097e+12
    11.109    2.1e+12
    11.121 2.1029e+12
    11.134 2.1058e+12
    11.146 2.1087e+12
    11.158 2.1116e+12
    11.171 2.1145e+12
    11.183 2.1174e+12
    11.196 2.1203e+12
    11.208 2.1232e+12
     11.22 2.1261e+12
    11.233  2.129e+12
    11.245  2.132e+12
    11.258 2.1349e+12
     11.27 2.1378e+12
    11.282 2.1407e+12
    11.295 2.1436e+12
    11.307 2.1465e+12
    11.319 2.1493e+12
    11.332 2.1522e+12
    11.344 2.1551e+12
    11.357  2.158e+12
    11.369 2.1609e+12
    11.381 2.1638e+12
    11.394 2.1667e+12
    11.406 2.1696e+12
    11.419 2.1725e+12
    11.431 2.1754e+12
    11.443 2.1782e+12
    11.456 2.1811e+12
    11.468  2.184e+12
    11.481 2.1869e+12
    11.493 2.1898e+12
    11.505 2.1927e+12
    11.518 2.1955e+12
     11.53 2.1984e+12
    11.543 2.2013e+12
    11.555 2.2042e+12
    11.567  2.207e+12
     11.58 2.2099e+12
    11.592 2.2128e+12
    11.605 2.2156e+12
    11.617 2.2185e+12
    11.629 2.2214e+12
    11.642 2.2243e+12
    11.654 2.2271e+12
    11.667   2.23e+12
    11.679 2.2328e+12
    11.691 2.2357e+12
    11.704 2.2385e+12
    11.716 2.2414e+12
    11.729 2.2443e+12
    11.741 2.2471e+12
    11.753   2.25e+12
    11.766 2.2528e+12
    11.778 2.2557e+12
    11.791 2.2585e+12
    11.803 2.2614e+12
    11.815 2.2642e+12
    11.828 2.2671e+12
     11.84 2.2699e+12
    11.853 2.2728e+12
    11.865 2.2756e+12
    11.877 2.2785e+12
     11.89 2.2813e+12
    11.902 2.2841e+12
    11.915  2.287e+12
    11.927 2.2898e+12
    11.939 2.2927e+12
    11.952 2.2955e+12
    11.964 2.2983e+12
    11.977 2.3012e+12
    11.989  2.304e+12
    12.001 2.3068e+12
    12.014 2.3096e+12
    12.026 2.3125e+12
    12.039 2.3153e+12
    12.051 2.3181e+12
    12.063 2.3209e+12
    12.076 2.3238e+12
    12.088 2.3266e+12
    12.101 2.3294e+12
    12.113 2.3322e+12
    12.125 2.3351e+12
    12.138 2.3379e+12
     12.15 2.3407e+12
    12.163 2.3435e+12
    12.175 2.3463e+12
    12.187 2.3491e+12
      12.2 2.3519e+12
    12.212 2.3548e+12
    12.225 2.3576e+12
    12.237 2.3604e+12
    12.249 2.3632e+12
    12.262  2.366e+12
    12.274 2.3688e+12
    12.287 2.3716e+12
    12.299 2.3744e+12
    12.311 2.3772e+12
    12.324   2.38e+12
    12.336 2.3828e+12
    12.349 2.3856e+12
    12.361 2.3884e+12
    12.373 2.3912e+12
    12.386  2.394e+12
    12.398 2.3967e+12
    12.411 2.3995e+12
    12.423 2.4023e+12
    12.435 2.4051e+12
    12.448 2.4079e+12
     12.46 2.4107e+12
    12.473 2.4135e+12
    12.485 2.4162e+12
    12.497  2.419e+12
     12.51 2.4218e+12
    12.522 2.4246e+12
    12.535 2.4274e+12
    12.547 2.4301e+12
    12.559 2.4329e+12
    12.572 2.4357e+12
    12.584 2.4384e+12
    12.597 2.4412e+12
    12.609  2.444e+12
    12.621 2.4468e+12
    12.634 2.4495e+12
    12.646 2.4523e+12
    12.658 2.4551e+12
    12.671 2.4578e+12
    12.683 2.4606e+12
    12.696 2.4633e+12
    12.708 2.4661e+12
     12.72 2.4688e+12
    12.733 2.4716e+12
    12.745 2.4744e+12
    12.758 2.4771e+12
     12.77 2.4799e+12
    12.782 2.4826e+12
    12.795 2.4854e+12
    12.807 2.4881e+12
     12.82 2.4909e+12
    12.832 2.4936e+12
    12.844 2.4964e+12
    12.857 2.4991e+12
    12.869 2.5018e+12
    12.882 2.5046e+12
    12.894 2.5073e+12
    12.906 2.5101e+12
    12.919 2.5128e+12
    12.931 2.5155e+12
    12.944 2.5183e+12
    12.956  2.521e+12
    12.968 2.5237e+12
    12.981 2.5265e+12
    12.993 2.5292e+12
    13.006 2.5319e+12
    13.018 2.5346e+12
     13.03 2.5374e+12
    13.043 2.5401e+12
    13.055 2.5428e+12
    13.068 2.5455e+12
     13.08 2.5483e+12
    13.092  2.551e+12
    13.105 2.5537e+12
    13.117 2.5564e+12
     13.13 2.5591e+12
    13.142 2.5618e+12
    13.154 2.5645e+12
    13.167 2.5673e+12
    13.179   2.57e+12
    13.192 2.5727e+12
    13.204 2.5754e+12
    13.216 2.5781e+12
    13.229 2.5808e+12
    13.241 2.5835e+12
    13.254 2.5862e+12
    13.266 2.5889e+12
    13.278 2.5916e+12
    13.291 2.5943e+12
    13.303  2.597e+12
    13.316 2.5997e+12
    13.328 2.6024e+12
     13.34 2.6051e+12
    13.353 2.6078e+12
    13.365 2.6105e+12
    13.378 2.6132e+12
     13.39 2.6158e+12
    13.402 2.6185e+12
    13.415 2.6212e+12
    13.427 2.6239e+12
     13.44 2.6266e+12
    13.452 2.6293e+12
    13.464 2.6319e+12
    13.477 2.6346e+12
    13.489 2.6373e+12
    13.502   2.64e+12
    13.514 2.6426e+12
    13.526 2.6453e+12
    13.539  2.648e+12
    13.551 2.6507e+12
    13.564 2.6533e+12
    13.576  2.656e+12
    13.588 2.6587e+12
    13.601 2.6613e+12
    13.613  2.664e+12
    13.626 2.6666e+12
    13.638 2.6693e+12
     13.65  2.672e+12
    13.663 2.6746e+12
    13.675 2.6773e+12
    13.688 2.6799e+12
      13.7 2.6826e+12
    13.712 2.6852e+12
    13.725 2.6879e+12
    13.737 2.6906e+12
     13.75 2.6932e+12
    13.762 2.6958e+12
    13.774 2.6985e+12
    13.787 2.7012e+12
    13.799 2.7038e+12
    13.812 2.7064e+12
    13.824 2.7091e+12
    13.836 2.7117e+12
    13.849 2.7143e+12
    13.861  2.717e+12
    13.874 2.7196e+12
    13.886 2.7223e+12
    13.898 2.7249e+12
    13.911 2.7275e+12
    13.923 2.7302e+12
    13.936 2.7328e+12
    13.948 2.7354e+12
     13.96  2.738e+12
    13.973 2.7407e+12
    13.985 2.7433e+12
    13.997 2.7459e+12
     14.01 2.7485e+12
    14.022 2.7512e+12
    14.035 2.7538e+12
    14.047 2.7564e+12
    14.059  2.759e+12
    14.072 2.7616e+12
    14.084 2.7642e+12
    14.097 2.7669e+12
    14.109 2.7695e+12
    14.121 2.7721e+12
    14.134 2.7747e+12
    14.146 2.7773e+12
    14.159 2.7799e+12
    14.171 2.7825e+12
    14.183 2.7851e+12
    14.196 2.7877e+12
    14.208 2.7903e+12
    14.221 2.7929e+12
    14.233 2.7955e+12
    14.245 2.7981e+12
    14.258 2.8007e+12
     14.27 2.8033e+12
    14.283 2.8059e+12
    14.295 2.8085e+12
    14.307 2.8111e+12
     14.32 2.8137e+12
    14.332 2.8162e+12
    14.345 2.8188e+12
    14.357 2.8214e+12
    14.369  2.824e+12
    14.382 2.8266e+12
    14.394 2.8292e+12
    14.407 2.8318e+12
    14.419 2.8343e+12
    14.431 2.8369e+12
    14.444 2.8395e+12
    14.456  2.842e+12
    14.469 2.8446e+12
    14.481 2.8472e+12
    14.493 2.8498e+12
    14.506 2.8523e+12
    14.518 2.8549e+12
    14.531 2.8575e+12
    14.543   2.86e+12
    14.555 2.8626e+12
    14.568 2.8652e+12
     14.58 2.8677e+12
    14.593 2.8703e+12
    14.605 2.8728e+12
    14.617 2.8754e+12
     14.63 2.8779e+12
    14.642 2.8805e+12
    14.655 2.8831e+12
    14.667 2.8856e+12
    14.679 2.8882e+12
    14.692 2.8907e+12
    14.704 2.8933e+12
    14.717 2.8958e+12
    14.729 2.8984e+12
    14.741 2.9009e+12
    14.754 2.9034e+12
    14.766  2.906e+12
    14.779 2.9085e+12
    14.791 2.9111e+12
    14.803 2.9136e+12
    14.816 2.9161e+12
    14.828 2.9187e+12
    14.841 2.9212e+12
    14.853 2.9237e+12
    14.865 2.9263e+12
    14.878 2.9288e+12
     14.89 2.9313e+12
    14.903 2.9339e+12
    14.915 2.9364e+12
    14.927 2.9389e+12
     14.94 2.9414e+12
    14.952  2.944e+12
    14.965 2.9465e+12
    14.977  2.949e+12
    14.989 2.9515e+12
    15.002  2.954e+12
    15.014 2.9565e+12
    15.027 2.9591e+12
    15.039 2.9616e+12
    15.051 2.9641e+12
    15.064 2.9666e+12
    15.076 2.9691e+12
    15.089 2.9716e+12
    15.101 2.9741e+12
    15.113 2.9766e+12
    15.126 2.9791e+12
    15.138 2.9816e+12
    15.151 2.9841e+12
    15.163 2.9866e+12
    15.175 2.9891e+12
    15.188 2.9916e+12
      15.2 2.9941e+12
    15.213 2.9966e+12
    15.225 2.9991e+12
    15.237 3.0016e+12
     15.25 3.0041e+12
    15.262 3.0066e+12
    15.275 3.0091e+12
    15.287 3.0116e+12
    15.299  3.014e+12
    15.312 3.0165e+12
    15.324  3.019e+12
    15.336 3.0215e+12
    15.349  3.024e+12
    15.361 3.0265e+12
    15.374 3.0289e+12
    15.386 3.0314e+12
    15.398 3.0339e+12
    15.411 3.0364e+12
    15.423 3.0388e+12
    15.436 3.0413e+12
    15.448 3.0438e+12
     15.46 3.0462e+12
    15.473 3.0487e+12
    15.485 3.0512e+12
    15.498 3.0536e+12
     15.51 3.0561e+12
    15.522 3.0586e+12
    15.535  3.061e+12
    15.547 3.0635e+12
     15.56 3.0659e+12
    15.572 3.0684e+12
    15.584 3.0708e+12
    15.597 3.0733e+12
    15.609 3.0758e+12
    15.622 3.0782e+12
    15.634 3.0807e+12
    15.646 3.0831e+12
    15.659 3.0856e+12
    15.671  3.088e+12
    15.684 3.0905e+12
    15.696 3.0929e+12
    15.708 3.0953e+12
    15.721 3.0978e+12
    15.733 3.1002e+12
    15.746 3.1027e+12
    15.758 3.1051e+12
     15.77 3.1075e+12
    15.783   3.11e+12
    15.795 3.1124e+12
    15.808 3.1148e+12
     15.82 3.1173e+12
    15.832 3.1197e+12
    15.845 3.1221e+12
    15.857 3.1246e+12
     15.87  3.127e+12
    15.882 3.1294e+12
    15.894 3.1318e+12
    15.907 3.1342e+12
    15.919 3.1367e+12
    15.932 3.1391e+12
    15.944 3.1415e+12
    15.956 3.1439e+12
    15.969 3.1463e+12
    15.981 3.1488e+12
    15.994 3.1512e+12
    16.006 3.1536e+12
    16.018  3.156e+12
    16.031 3.1584e+12
    16.043 3.1608e+12
    16.056 3.1632e+12
    16.068 3.1656e+12
     16.08  3.168e+12
    16.093 3.1704e+12
    16.105 3.1728e+12
    16.118 3.1752e+12
     16.13 3.1776e+12
    16.142   3.18e+12
    16.155 3.1824e+12
    16.167 3.1848e+12
     16.18 3.1872e+12
    16.192 3.1896e+12
    16.204  3.192e+12
    16.217 3.1944e+12
    16.229 3.1968e+12
    16.242 3.1992e+12
    16.254 3.2016e+12
    16.266 3.2039e+12
    16.279 3.2063e+12
    16.291 3.2087e+12
    16.304 3.2111e+12
    16.316 3.2135e+12
    16.328 3.2158e+12
    16.341 3.2182e+12
    16.353 3.2206e+12
    16.366  3.223e+12
    16.378 3.2253e+12
     16.39 3.2277e+12
    16.403 3.2301e+12
    16.415 3.2325e+12
    16.428 3.2348e+12
     16.44 3.2372e+12
    16.452 3.2396e+12
    16.465 3.2419e+12
    16.477 3.2443e+12
     16.49 3.2467e+12
    16.502  3.249e+12
    16.514 3.2514e+12
    16.527 3.2537e+12
    16.539 3.2561e+12
    16.552 3.2584e+12
    16.564 3.2608e+12
    16.576 3.2631e+12
    16.589 3.2655e+12
    16.601 3.2679e+12
    16.613 3.2702e+12
    16.626 3.2726e+12
    16.638 3.2749e+12
    16.651 3.2772e+12
    16.663 3.2796e+12
    16.675 3.2819e+12
    16.688 3.2843e+12
      16.7 3.2866e+12
    16.713  3.289e+12
    16.725 3.2913e+12
    16.737 3.2936e+12
     16.75  3.296e+12
    16.762 3.2983e+12
    16.775 3.3006e+12
    16.787  3.303e+12
    16.799 3.3053e+12
    16.812 3.3076e+12
    16.824 3.3099e+12
    16.837 3.3123e+12
    16.849 3.3146e+12
    16.861 3.3169e+12
    16.874 3.3192e+12
    16.886 3.3216e+12
    16.899 3.3239e+12
    16.911 3.3262e+12
    16.923 3.3285e+12
    16.936 3.3308e+12
    16.948 3.3332e+12
    16.961 3.3355e+12
    16.973 3.3378e+12
    16.985 3.3401e+12
    16.998 3.3424e+12
     17.01 3.3447e+12
    17.023  3.347e+12
    17.035 3.3493e+12
    17.047 3.3516e+12
     17.06  3.354e+12
    17.072 3.3563e+12
    17.085 3.3586e+12
    17.097 3.3609e+12
    17.109 3.3632e+12
    17.122 3.3655e+12
    17.134 3.3678e+12
    17.147   3.37e+12
    17.159 3.3724e+12
    17.171 3.3746e+12
    17.184 3.3769e+12
    17.196 3.3792e+12
    17.209 3.3815e+12
    17.221 3.3838e+12
    17.233 3.3861e+12
    17.246 3.3884e+12
    17.258 3.3906e+12
    17.271 3.3929e+12
    17.283 3.3952e+12
    17.295 3.3975e+12
    17.308 3.3998e+12
     17.32 3.4021e+12
    17.333 3.4043e+12
    17.345 3.4066e+12
    17.357 3.4089e+12
     17.37 3.4112e+12
    17.382 3.4134e+12
    17.395 3.4157e+12
    17.407  3.418e+12
    17.419 3.4202e+12
    17.432 3.4225e+12
    17.444 3.4248e+12
    17.457 3.4271e+12
    17.469 3.4293e+12
    17.481 3.4316e+12
    17.494 3.4338e+12
    17.506 3.4361e+12
    17.519 3.4384e+12
    17.531 3.4406e+12
    17.543 3.4429e+12
    17.556 3.4451e+12
    17.568 3.4474e+12
    17.581 3.4496e+12
    17.593 3.4519e+12
    17.605 3.4541e+12
    17.618 3.4564e+12
     17.63 3.4586e+12
    17.643 3.4609e+12
    17.655 3.4631e+12
    17.667 3.4654e+12
     17.68 3.4676e+12
    17.692 3.4698e+12
    17.705 3.4721e+12
    17.717 3.4743e+12
    17.729 3.4766e+12
    17.742 3.4788e+12
    17.754  3.481e+12
    17.767 3.4833e+12
    17.779 3.4855e+12
    17.791 3.4877e+12
    17.804   3.49e+12
    17.816 3.4922e+12
    17.829 3.4944e+12
    17.841 3.4967e+12
    17.853 3.4989e+12
    17.866 3.5011e+12
    17.878 3.5033e+12
    17.891 3.5055e+12
    17.903 3.5078e+12
    17.915   3.51e+12
    17.928 3.5122e+12
     17.94 3.5144e+12
    17.952 3.5167e+12
    17.965 3.5189e+12
    17.977 3.5211e+12
     17.99 3.5233e+12
    18.002 3.5255e+12
    18.014 3.5277e+12
    18.027 3.5299e+12
    18.039 3.5321e+12
    18.052 3.5343e+12
    18.064 3.5365e+12
    18.076 3.5387e+12
    18.089  3.541e+12
    18.101 3.5432e+12
    18.114 3.5453e+12
    18.126 3.5476e+12
    18.138 3.5498e+12
    18.151 3.5519e+12
    18.163 3.5542e+12
    18.176 3.5563e+12
    18.188 3.5585e+12
      18.2 3.5607e+12
    18.213 3.5629e+12
    18.225 3.5651e+12
    18.238 3.5673e+12
     18.25 3.5695e+12
    18.262 3.5717e+12
    18.275 3.5739e+12
    18.287  3.576e+12
      18.3 3.5782e+12
    18.312 3.5804e+12
    18.324 3.5826e+12
    18.337 3.5848e+12
    18.349 3.5869e+12
    18.362 3.5891e+12
    18.374 3.5913e+12
    18.386 3.5935e+12
    18.399 3.5957e+12
    18.411 3.5978e+12
    18.424    3.6e+12
    18.436 3.6022e+12
    18.448 3.6043e+12
    18.461 3.6065e+12
    18.473 3.6087e+12
    18.486 3.6108e+12
    18.498  3.613e+12
     18.51 3.6152e+12
    18.523 3.6173e+12
    18.535 3.6195e+12
    18.548 3.6216e+12
     18.56 3.6238e+12
    18.572  3.626e+12
    18.585 3.6281e+12
    18.597 3.6303e+12
     18.61 3.6324e+12
    18.622 3.6346e+12
    18.634 3.6367e+12
    18.647 3.6389e+12
    18.659  3.641e+12
    18.672 3.6432e+12
    18.684 3.6453e+12
    18.696 3.6475e+12
    18.709 3.6496e+12
    18.721 3.6518e+12
    18.734 3.6539e+12
    18.746 3.6561e+12
    18.758 3.6582e+12
    18.771 3.6603e+12
    18.783 3.6625e+12
    18.796 3.6646e+12
    18.808 3.6667e+12
     18.82 3.6689e+12
    18.833  3.671e+12
    18.845 3.6731e+12
    18.858 3.6752e+12
     18.87 3.6774e+12
    18.882 3.6795e+12
    18.895 3.6816e+12
    18.907 3.6838e+12
     18.92 3.6859e+12
    18.932  3.688e+12
    18.944 3.6901e+12
    18.957 3.6923e+12
    18.969 3.6944e+12
    18.982 3.6965e+12
    18.994 3.6986e+12
    19.006 3.7007e+12
    19.019 3.7028e+12
    19.031  3.705e+12
    19.044 3.7071e+12
    19.056 3.7092e+12
    19.068 3.7113e+12
    19.081 3.7134e+12
    19.093 3.7155e+12
    19.106 3.7176e+12
    19.118 3.7197e+12
     19.13 3.7218e+12
    19.143 3.7239e+12
    19.155  3.726e+12
    19.168 3.7281e+12
     19.18 3.7302e+12
    19.192 3.7323e+12
    19.205 3.7344e+12
    19.217 3.7365e+12
     19.23 3.7386e+12
    19.242 3.7407e+12
    19.254 3.7428e+12
    19.267 3.7449e+12
    19.279  3.747e+12
    19.291 3.7491e+12
    19.304 3.7512e+12
    19.316 3.7533e+12
    19.329 3.7554e+12
    19.341 3.7574e+12
    19.353 3.7595e+12
    19.366 3.7616e+12
    19.378 3.7637e+12
    19.391 3.7658e+12
    19.403 3.7679e+12
    19.415 3.7699e+12
    19.428  3.772e+12
     19.44 3.7741e+12
    19.453 3.7762e+12
    19.465 3.7782e+12
    19.477 3.7803e+12
     19.49 3.7824e+12
    19.502 3.7845e+12
    19.515 3.7865e+12
    19.527 3.7886e+12
    19.539 3.7907e+12
    19.552 3.7927e+12
    19.564 3.7948e+12
    19.577 3.7969e+12
    19.589 3.7989e+12
    19.601  3.801e+12
    19.614 3.8031e+12
    19.626 3.8051e+12
    19.639 3.8072e+12
    19.651 3.8092e+12
    19.663 3.8113e+12
    19.676 3.8133e+12
    19.688 3.8154e+12
    19.701 3.8174e+12
    19.713 3.8195e+12
    19.725 3.8216e+12
    19.738 3.8236e+12
     19.75 3.8257e+12
    19.763 3.8277e+12
    19.775 3.8298e+12
    19.787 3.8318e+12
      19.8 3.8338e+12
    19.812 3.8359e+12
    19.825 3.8379e+12
    19.837   3.84e+12
    19.849  3.842e+12
    19.862 3.8441e+12
    19.874 3.8461e+12
    19.887 3.8481e+12
    19.899 3.8501e+12
    19.911 3.8522e+12
    19.924 3.8542e+12
    19.936 3.8563e+12
    19.949 3.8583e+12
    19.961 3.8603e+12
    19.973 3.8623e+12
    19.986 3.8644e+12
    19.998 3.8664e+12
    20.011 3.8684e+12
    20.023 3.8705e+12
    20.035 3.8725e+12
    20.048 3.8745e+12
     20.06 3.8765e+12
    20.073 3.8785e+12
    20.085 3.8806e+12
    20.097 3.8826e+12
     20.11 3.8846e+12
    20.122 3.8866e+12
    20.135 3.8886e+12
    20.147 3.8906e+12
    20.159 3.8926e+12
    20.172 3.8947e+12
    20.184 3.8967e+12
    20.197 3.8987e+12
    20.209 3.9007e+12
    20.221 3.9027e+12
    20.234 3.9047e+12
    20.246 3.9067e+12
    20.259 3.9087e+12
    20.271 3.9107e+12
    20.283 3.9127e+12
    20.296 3.9147e+12
    20.308 3.9167e+12
    20.321 3.9187e+12
    20.333 3.9207e+12
    20.345 3.9227e+12
    20.358 3.9247e+12
     20.37 3.9267e+12
    20.383 3.9287e+12
    20.395 3.9307e+12
    20.407 3.9327e+12
     20.42 3.9347e+12
    20.432 3.9366e+12
    20.445 3.9386e+12
    20.457 3.9406e+12
    20.469 3.9426e+12
    20.482 3.9446e+12
    20.494 3.9466e+12
    20.507 3.9486e+12
    20.519 3.9505e+12
    20.531 3.9525e+12
    20.544 3.9545e+12
    20.556 3.9565e+12
    20.569 3.9585e+12
    20.581 3.9604e+12
    20.593 3.9624e+12
    20.606 3.9644e+12
    20.618 3.9664e+12
     20.63 3.9683e+12
    20.643 3.9703e+12
    20.655 3.9723e+12
    20.668 3.9742e+12
     20.68 3.9762e+12
    20.692 3.9782e+12
    20.705 3.9801e+12
    20.717 3.9821e+12
     20.73 3.9841e+12
    20.742  3.986e+12
    20.754  3.988e+12
    20.767 3.9899e+12
    20.779 3.9919e+12
    20.792 3.9939e+12
    20.804 3.9958e+12
    20.816 3.9978e+12
    20.829 3.9997e+12
    20.841 4.0017e+12
    20.854 4.0036e+12
    20.866 4.0056e+12
    20.878 4.0075e+12
    20.891 4.0095e+12
    20.903 4.0114e+12
    20.916 4.0134e+12
    20.928 4.0153e+12
     20.94 4.0173e+12
    20.953 4.0192e+12
    20.965 4.0212e+12
    20.978 4.0231e+12
     20.99 4.0251e+12
    21.002  4.027e+12
    21.015 4.0289e+12
    21.027 4.0309e+12
     21.04 4.0328e+12
    21.052 4.0347e+12
    21.064 4.0367e+12
    21.077 4.0386e+12
    21.089 4.0405e+12
    21.102 4.0425e+12
    21.114 4.0444e+12
    21.126 4.0463e+12
    21.139 4.0483e+12
    21.151 4.0502e+12
    21.164 4.0521e+12
    21.176 4.0541e+12
    21.188  4.056e+12
    21.201 4.0579e+12
    21.213 4.0598e+12
    21.226 4.0617e+12
    21.238 4.0637e+12
     21.25 4.0656e+12
    21.263 4.0675e+12
    21.275 4.0694e+12
    21.288 4.0713e+12
      21.3 4.0732e+12
    21.312 4.0751e+12
    21.325 4.0771e+12
    21.337  4.079e+12
     21.35 4.0809e+12
    21.362 4.0828e+12
    21.374 4.0847e+12
    21.387 4.0866e+12
    21.399 4.0885e+12
    21.412 4.0904e+12
    21.424 4.0923e+12
    21.436 4.0943e+12
    21.449 4.0961e+12
    21.461  4.098e+12
    21.474 4.0999e+12
    21.486 4.1019e+12
    21.498 4.1038e+12
    21.511 4.1057e+12
    21.523 4.1075e+12
    21.536 4.1094e+12
    21.548 4.1113e+12
     21.56 4.1132e+12
    21.573 4.1151e+12
    21.585  4.117e+12
    21.598 4.1189e+12
     21.61 4.1208e+12
    21.622 4.1227e+12
    21.635 4.1246e+12
    21.647 4.1265e+12
     21.66 4.1283e+12
    21.672 4.1302e+12
    21.684 4.1321e+12
    21.697  4.134e+12
    21.709 4.1359e+12
    21.722 4.1378e+12
    21.734 4.1396e+12
    21.746 4.1415e+12
    21.759 4.1434e+12
    21.771 4.1453e+12
    21.784 4.1471e+12
    21.796  4.149e+12
    21.808 4.1509e+12
    21.821 4.1528e+12
    21.833 4.1546e+12
    21.846 4.1565e+12
    21.858 4.1584e+12
     21.87 4.1602e+12
    21.883 4.1621e+12
    21.895  4.164e+12
    21.908 4.1658e+12
     21.92 4.1677e+12
    21.932 4.1696e+12
    21.945 4.1714e+12
    21.957 4.1733e+12
    21.969 4.1752e+12
    21.982  4.177e+12
    21.994 4.1789e+12
    22.007 4.1807e+12
    22.019 4.1826e+12
    22.031 4.1845e+12
    22.044 4.1863e+12
    22.056 4.1881e+12
    22.069   4.19e+12
    22.081 4.1919e+12
    22.093 4.1937e+12
    22.106 4.1956e+12
    22.118 4.1974e+12
    22.131 4.1993e+12
    22.143 4.2011e+12
    22.155 4.2029e+12
    22.168 4.2048e+12
     22.18 4.2066e+12
    22.193 4.2085e+12
    22.205 4.2103e+12
    22.217 4.2121e+12
     22.23  4.214e+12
    22.242 4.2158e+12
    22.255 4.2177e+12
    22.267 4.2195e+12
    22.279 4.2214e+12
    22.292 4.2232e+12
    22.304  4.225e+12
    22.317 4.2268e+12
    22.329 4.2287e+12
    22.341 4.2305e+12
    22.354 4.2323e+12
    22.366 4.2342e+12
    22.379  4.236e+12
    22.391 4.2378e+12
    22.403 4.2397e+12
    22.416 4.2415e+12
    22.428 4.2433e+12
    22.441 4.2451e+12
    22.453  4.247e+12
    22.465 4.2488e+12
    22.478 4.2506e+12
     22.49 4.2524e+12
    22.503 4.2542e+12
    22.515  4.256e+12
    22.527 4.2579e+12
     22.54 4.2597e+12
    22.552 4.2615e+12
    22.565 4.2633e+12
    22.577 4.2651e+12
    22.589 4.2669e+12
    22.602 4.2687e+12
    22.614 4.2706e+12
    22.627 4.2724e+12
    22.639 4.2742e+12
    22.651  4.276e+12
    22.664 4.2778e+12
    22.676 4.2796e+12
    22.689 4.2814e+12
    22.701 4.2832e+12
    22.713  4.285e+12
    22.726 4.2868e+12
    22.738 4.2886e+12
    22.751 4.2904e+12
    22.763 4.2922e+12
    22.775  4.294e+12
    22.788 4.2958e+12
      22.8 4.2976e+12
    22.813 4.2994e+12
    22.825 4.3012e+12
    22.837  4.303e+12
     22.85 4.3048e+12
    22.862 4.3066e+12
    22.875 4.3083e+12
    22.887 4.3101e+12
    22.899 4.3119e+12
    22.912 4.3137e+12
    22.924 4.3155e+12
    22.937 4.3173e+12
    22.949 4.3191e+12
    22.961 4.3208e+12
    22.974 4.3226e+12
    22.986 4.3244e+12
    22.999 4.3262e+12
    23.011  4.328e+12
    23.023 4.3298e+12
    23.036 4.3315e+12
    23.048 4.3333e+12
    23.061 4.3351e+12
    23.073 4.3368e+12
    23.085 4.3386e+12
    23.098 4.3404e+12
     23.11 4.3422e+12
    23.123  4.344e+12
    23.135 4.3457e+12
    23.147 4.3475e+12
     23.16 4.3493e+12
    23.172  4.351e+12
    23.185 4.3528e+12
    23.197 4.3546e+12
    23.209 4.3563e+12
    23.222 4.3581e+12
    23.234 4.3598e+12
    23.247 4.3616e+12
    23.259 4.3634e+12
    23.271 4.3651e+12
    23.284 4.3669e+12
    23.296 4.3686e+12
    23.308 4.3704e+12
    23.321 4.3721e+12
    23.333 4.3739e+12
    23.346 4.3757e+12
    23.358 4.3774e+12
     23.37 4.3792e+12
    23.383 4.3809e+12
    23.395 4.3827e+12
    23.408 4.3844e+12
     23.42 4.3862e+12
    23.432 4.3879e+12
    23.445 4.3897e+12
    23.457 4.3914e+12
     23.47 4.3932e+12
    23.482 4.3949e+12
    23.494 4.3966e+12
    23.507 4.3984e+12
    23.519 4.4001e+12
    23.532 4.4019e+12
    23.544 4.4036e+12
    23.556 4.4053e+12
    23.569 4.4071e+12
    23.581 4.4088e+12
    23.594 4.4105e+12
    23.606 4.4123e+12
    23.618  4.414e+12
    23.631 4.4158e+12
    23.643 4.4175e+12
    23.656 4.4192e+12
    23.668 4.4209e+12
     23.68 4.4227e+12
    23.693 4.4244e+12
    23.705 4.4261e+12
    23.718 4.4279e+12
     23.73 4.4296e+12
    23.742 4.4313e+12
    23.755  4.433e+12
    23.767 4.4348e+12
     23.78 4.4365e+12
    23.792 4.4382e+12
    23.804 4.4399e+12
    23.817 4.4416e+12
    23.829 4.4434e+12
    23.842 4.4451e+12
    23.854 4.4468e+12
    23.866 4.4485e+12
    23.879 4.4502e+12
    23.891 4.4519e+12
    23.904 4.4537e+12
    23.916 4.4554e+12
    23.928 4.4571e+12
    23.941 4.4588e+12
    23.953 4.4605e+12
    23.966 4.4622e+12
    23.978 4.4639e+12
     23.99 4.4656e+12
    24.003 4.4673e+12
    24.015  4.469e+12
    24.028 4.4707e+12
     24.04 4.4724e+12
    24.052 4.4742e+12
    24.065 4.4759e+12
    24.077 4.4775e+12
     24.09 4.4792e+12
    24.102  4.481e+12
    24.114 4.4826e+12
    24.127 4.4843e+12
    24.139  4.486e+12
    24.152 4.4877e+12
    24.164 4.4894e+12
    24.176 4.4911e+12
    24.189 4.4928e+12
    24.201 4.4945e+12
    24.214 4.4962e+12
    24.226 4.4979e+12
    24.238 4.4996e+12
    24.251 4.5012e+12
    24.263  4.503e+12
    24.276 4.5046e+12
    24.288 4.5063e+12
      24.3  4.508e+12
    24.313 4.5097e+12
    24.325 4.5114e+12
    24.338 4.5131e+12
     24.35 4.5147e+12
    24.362 4.5164e+12
    24.375 4.5181e+12
    24.387 4.5198e+12
      24.4 4.5215e+12
    24.412 4.5231e+12
    24.424 4.5248e+12
    24.437 4.5265e+12
    24.449 4.5282e+12
    24.462 4.5298e+12
    24.474 4.5315e+12
    24.486 4.5332e+12
    24.499 4.5349e+12
    24.511 4.5365e+12
    24.524 4.5382e+12
    24.536 4.5399e+12
    24.548 4.5415e+12
    24.561 4.5432e+12
    24.573 4.5449e+12
    24.585 4.5465e+12
    24.598 4.5482e+12
     24.61 4.5499e+12
    24.623 4.5515e+12
    24.635 4.5532e+12
    24.647 4.5548e+12
     24.66 4.5565e+12
    24.672 4.5582e+12
    24.685 4.5598e+12
    24.697 4.5615e+12
    24.709 4.5631e+12
    24.722 4.5648e+12
    24.734 4.5664e+12
    24.747 4.5681e+12
    24.759 4.5697e+12
    24.771 4.5714e+12
    24.784  4.573e+12
    24.796 4.5747e+12
    24.809 4.5763e+12
    24.821  4.578e+12
    24.833 4.5796e+12
    24.846 4.5813e+12
    24.858 4.5829e+12
    24.871 4.5846e+12
    24.883 4.5862e+12
    24.895 4.5879e+12
    24.908 4.5895e+12
     24.92 4.5911e+12
    24.933 4.5928e+12
    24.945 4.5944e+12
    24.957 4.5961e+12
     24.97 4.5977e+12
    24.982 4.5994e+12
    24.995  4.601e+12
    25.007 4.6026e+12
    25.019 4.6043e+12
    25.032 4.6059e+12
    25.044 4.6075e+12
    25.057 4.6091e+12
    25.069 4.6108e+12
    25.081 4.6124e+12
    25.094  4.614e+12
    25.106 4.6157e+12
    25.119 4.6173e+12
    25.131 4.6189e+12
    25.143 4.6206e+12
    25.156 4.6222e+12
    25.168 4.6238e+12
    25.181 4.6254e+12
    25.193 4.6271e+12
    25.205 4.6287e+12
    25.218 4.6303e+12
     25.23 4.6319e+12
    25.243 4.6335e+12
    25.255 4.6352e+12
    25.267 4.6368e+12
     25.28 4.6384e+12
    25.292   4.64e+12
    25.305 4.6416e+12
    25.317 4.6432e+12
    25.329 4.6448e+12
    25.342 4.6465e+12
    25.354 4.6481e+12
    25.367 4.6497e+12
    25.379 4.6513e+12
    25.391 4.6529e+12
    25.404 4.6545e+12
    25.416 4.6561e+12
    25.429 4.6577e+12
    25.441 4.6593e+12
    25.453  4.661e+12
    25.466 4.6626e+12
    25.478 4.6642e+12
    25.491 4.6658e+12
    25.503 4.6674e+12
    25.515  4.669e+12
    25.528 4.6706e+12
     25.54 4.6722e+12
    25.553 4.6738e+12
    25.565 4.6754e+12
    25.577  4.677e+12
     25.59 4.6786e+12
    25.602 4.6802e+12
    25.615 4.6818e+12
    25.627 4.6834e+12
    25.639 4.6849e+12
    25.652 4.6865e+12
    25.664 4.6881e+12
    25.677 4.6897e+12
    25.689 4.6913e+12
    25.701 4.6929e+12
    25.714 4.6945e+12
    25.726 4.6961e+12
    25.739 4.6977e+12
    25.751 4.6993e+12
    25.763 4.7008e+12
    25.776 4.7024e+12
    25.788  4.704e+12
    25.801 4.7056e+12
    25.813 4.7072e+12
    25.825 4.7087e+12
    25.838 4.7103e+12
     25.85 4.7119e+12
    25.863 4.7135e+12
    25.875 4.7151e+12
    25.887 4.7166e+12
      25.9 4.7182e+12
    25.912 4.7198e+12
    25.924 4.7214e+12
    25.937  4.723e+12
    25.949 4.7245e+12
    25.962 4.7261e+12
    25.974 4.7277e+12
    25.986 4.7292e+12
    25.999 4.7308e+12
    26.011 4.7324e+12
    26.024 4.7339e+12
    26.036 4.7355e+12
    26.048  4.737e+12
    26.061 4.7387e+12
    26.073 4.7402e+12
    26.086 4.7418e+12
    26.098 4.7434e+12
     26.11 4.7449e+12
    26.123 4.7464e+12
    26.135  4.748e+12
    26.148 4.7496e+12
     26.16 4.7511e+12
    26.172 4.7527e+12
    26.185 4.7543e+12
    26.197 4.7558e+12
     26.21 4.7574e+12
    26.222 4.7589e+12
    26.234 4.7605e+12
    26.247  4.762e+12
    26.259 4.7636e+12
    26.272 4.7651e+12
    26.284 4.7667e+12
    26.296 4.7683e+12
    26.309 4.7698e+12
    26.321 4.7714e+12
    26.334 4.7729e+12
    26.346 4.7744e+12
    26.358  4.776e+12
    26.371 4.7775e+12
    26.383 4.7791e+12
    26.396 4.7806e+12
    26.408 4.7822e+12
     26.42 4.7837e+12
    26.433 4.7853e+12
    26.445 4.7868e+12
    26.458 4.7883e+12
     26.47 4.7899e+12
    26.482 4.7914e+12
    26.495  4.793e+12
    26.507 4.7945e+12
     26.52  4.796e+12
    26.532 4.7976e+12
    26.544 4.7991e+12
    26.557 4.8006e+12
    26.569 4.8022e+12
    26.582 4.8037e+12
    26.594 4.8052e+12
    26.606 4.8068e+12
    26.619 4.8083e+12
    26.631 4.8098e+12
    26.644 4.8114e+12
    26.656 4.8129e+12
    26.668 4.8144e+12
    26.681 4.8159e+12
    26.693 4.8175e+12
    26.706  4.819e+12
    26.718 4.8205e+12
     26.73  4.822e+12
    26.743 4.8236e+12
    26.755 4.8251e+12
    26.768 4.8266e+12
     26.78 4.8281e+12
    26.792 4.8297e+12
    26.805 4.8312e+12
    26.817 4.8327e+12
     26.83 4.8342e+12
    26.842 4.8357e+12
    26.854 4.8372e+12
    26.867 4.8388e+12
    26.879 4.8403e+12
    26.892 4.8418e+12
    26.904 4.8433e+12
    26.916 4.8448e+12
    26.929 4.8463e+12
    26.941 4.8478e+12
    26.954 4.8493e+12
    26.966 4.8509e+12
    26.978 4.8524e+12
    26.991 4.8539e+12
    27.003 4.8554e+12
    27.016 4.8569e+12
    27.028 4.8584e+12
     27.04 4.8599e+12
    27.053 4.8614e+12
    27.065 4.8629e+12
    27.078 4.8644e+12
     27.09 4.8659e+12
    27.102 4.8674e+12
    27.115 4.8689e+12
    27.127 4.8704e+12
     27.14 4.8719e+12
    27.152 4.8734e+12
    27.164 4.8749e+12
    27.177 4.8764e+12
    27.189 4.8779e+12
    27.202 4.8794e+12
    27.214 4.8809e+12
    27.226 4.8824e+12
    27.239 4.8838e+12
    27.251 4.8853e+12
    27.263 4.8868e+12
    27.276 4.8883e+12
    27.288 4.8898e+12
    27.301 4.8913e+12
    27.313 4.8928e+12
    27.325 4.8943e+12
    27.338 4.8958e+12
     27.35 4.8973e+12
    27.363 4.8988e+12
    27.375 4.9002e+12
    27.387 4.9017e+12
      27.4 4.9032e+12
    27.412 4.9047e+12
    27.425 4.9062e+12
    27.437 4.9077e+12
    27.449 4.9091e+12
    27.462 4.9106e+12
    27.474 4.9121e+12
    27.487 4.9136e+12
    27.499 4.9151e+12
    27.511 4.9165e+12
    27.524  4.918e+12
    27.536 4.9195e+12
    27.549  4.921e+12
    27.561 4.9224e+12
    27.573 4.9239e+12
    27.586 4.9254e+12
    27.598 4.9268e+12
    27.611 4.9283e+12
    27.623 4.9298e+12
    27.635 4.9312e+12
    27.648 4.9327e+12
     27.66 4.9342e+12
    27.673 4.9356e+12
    27.685 4.9371e+12
    27.697 4.9386e+12
     27.71   4.94e+12
    27.722 4.9415e+12
    27.735  4.943e+12
    27.747 4.9444e+12
    27.759 4.9459e+12
    27.772 4.9474e+12
    27.784 4.9488e+12
    27.797 4.9503e+12
    27.809 4.9517e+12
    27.821 4.9532e+12
    27.834 4.9547e+12
    27.846 4.9561e+12
    27.859 4.9576e+12
    27.871  4.959e+12
    27.883 4.9605e+12
    27.896 4.9619e+12
    27.908 4.9634e+12
    27.921 4.9648e+12
    27.933 4.9663e+12
    27.945 4.9677e+12
    27.958 4.9692e+12
     27.97 4.9706e+12
    27.983 4.9721e+12
    27.995 4.9735e+12
    28.007  4.975e+12
     28.02 4.9764e+12
    28.032 4.9779e+12
    28.045 4.9793e+12
    28.057 4.9808e+12
    28.069 4.9822e+12
    28.082 4.9836e+12
    28.094 4.9851e+12
    28.107 4.9865e+12
    28.119  4.988e+12
    28.131 4.9894e+12
    28.144 4.9909e+12
    28.156 4.9923e+12
    28.169 4.9937e+12
    28.181 4.9952e+12
    28.193 4.9966e+12
    28.206 4.9981e+12
    28.218 4.9994e+12
    28.231 5.0009e+12
    28.243 5.0024e+12
    28.255 5.0038e+12
    28.268 5.0052e+12
     28.28 5.0066e+12
    28.293 5.0081e+12
    28.305 5.0095e+12
    28.317 5.0109e+12
     28.33 5.0124e+12
    28.342 5.0138e+12
    28.355 5.0152e+12
    28.367 5.0166e+12
    28.379 5.0181e+12
    28.392 5.0195e+12
    28.404 5.0209e+12
    28.417 5.0223e+12
    28.429 5.0238e+12
    28.441 5.0252e+12
    28.454 5.0266e+12
    28.466  5.028e+12
    28.479 5.0295e+12
    28.491 5.0309e+12
    28.503 5.0323e+12
    28.516 5.0337e+12
    28.528 5.0351e+12
    28.541 5.0366e+12
    28.553  5.038e+12
    28.565 5.0394e+12
    28.578 5.0408e+12
     28.59 5.0422e+12
    28.602 5.0436e+12
    28.615  5.045e+12
    28.627 5.0465e+12
     28.64 5.0479e+12
    28.652 5.0493e+12
    28.664 5.0507e+12
    28.677 5.0521e+12
    28.689 5.0535e+12
    28.702 5.0549e+12
    28.714 5.0563e+12
    28.726 5.0577e+12
    28.739 5.0591e+12
    28.751 5.0605e+12
    28.764 5.0619e+12
    28.776 5.0633e+12
    28.788 5.0647e+12
    28.801 5.0662e+12
    28.813 5.0675e+12
    28.826 5.0689e+12
    28.838 5.0704e+12
     28.85 5.0718e+12
    28.863 5.0732e+12
    28.875 5.0745e+12
    28.888 5.0759e+12
      28.9 5.0773e+12
    28.912 5.0787e+12
    28.925 5.0801e+12
    28.937 5.0815e+12
     28.95 5.0829e+12
    28.962 5.0843e+12
    28.974 5.0857e+12
    28.987 5.0871e+12
    28.999 5.0885e+12
    29.012 5.0899e+12
    29.024 5.0913e+12
    29.036 5.0927e+12
    29.049 5.0941e+12
    29.061 5.0954e+12
    29.074 5.0968e+12
    29.086 5.0982e+12
    29.098 5.0996e+12
    29.111  5.101e+12
    29.123 5.1024e+12
    29.136 5.1037e+12
    29.148 5.1052e+12
     29.16 5.1065e+12
    29.173 5.1079e+12
    29.185 5.1093e+12
    29.198 5.1107e+12
     29.21  5.112e+12
    29.222 5.1134e+12
    29.235 5.1148e+12
    29.247 5.1162e+12
     29.26 5.1176e+12
    29.272 5.1189e+12
    29.284 5.1203e+12
    29.297 5.1217e+12
    29.309 5.1231e+12
    29.322 5.1245e+12
    29.334 5.1258e+12
    29.346 5.1272e+12
    29.359 5.1285e+12
    29.371 5.1299e+12
    29.384 5.1313e+12
    29.396 5.1327e+12
    29.408 5.1341e+12
    29.421 5.1354e+12
    29.433 5.1368e+12
    29.446 5.1382e+12
    29.458 5.1395e+12
     29.47 5.1409e+12
    29.483 5.1423e+12
    29.495 5.1436e+12
    29.508  5.145e+12
     29.52 5.1463e+12
    29.532 5.1477e+12
    29.545 5.1491e+12
    29.557 5.1504e+12
     29.57 5.1518e+12
    29.582 5.1531e+12
    29.594 5.1545e+12
    29.607 5.1559e+12
    29.619 5.1572e+12
    29.632 5.1586e+12
    29.644   5.16e+12
    29.656 5.1613e+12
    29.669 5.1626e+12
    29.681  5.164e+12
    29.694 5.1654e+12
    29.706 5.1667e+12
    29.718 5.1681e+12
    29.731 5.1694e+12
    29.743 5.1708e+12
    29.756 5.1721e+12
    29.768 5.1735e+12
     29.78 5.1748e+12
    29.793 5.1762e+12
    29.805 5.1775e+12
    29.818 5.1789e+12
     29.83 5.1802e+12
    29.842 5.1816e+12
    29.855 5.1829e+12
    29.867 5.1842e+12
     29.88 5.1856e+12
    29.892 5.1869e+12
    29.904 5.1883e+12
    29.917 5.1896e+12
    29.929  5.191e+12
    29.941 5.1923e+12
    29.954 5.1937e+12
    29.966  5.195e+12
    29.979 5.1963e+12
    29.991 5.1977e+12
    30.003  5.199e+12
