RRKM rate, sf=0.970, S*=9.37, E0=2.83 and Delta=2.83
   En (eV)    k (s-1)
         0          0
  0.012398          0
  0.024796          0
  0.037194          0
  0.049593          0
  0.061991          0
  0.074389          0
  0.086787          0
  0.099185          0
   0.11158          0
   0.12398          0
   0.13638          0
   0.14878          0
   0.16118          0
   0.17357          0
   0.18597          0
   0.19837          0
   0.21077          0
   0.22317          0
   0.23556          0
   0.24796          0
   0.26036          0
   0.27276          0
   0.28516          0
   0.29756          0
   0.30995          0
   0.32235          0
   0.33475          0
   0.34715          0
   0.35955          0
   0.37194          0
   0.38434          0
   0.39674          0
   0.40914          0
   0.42154          0
   0.43393          0
   0.44633          0
   0.45873          0
   0.47113          0
   0.48353          0
   0.49593          0
   0.50832          0
   0.52072          0
   0.53312          0
   0.54552          0
   0.55792          0
   0.57031          0
   0.58271          0
   0.59511          0
   0.60751          0
   0.61991          0
    0.6323          0
    0.6447          0
    0.6571          0
    0.6695          0
    0.6819          0
    0.6943          0
   0.70669          0
   0.71909          0
   0.73149          0
   0.74389          0
   0.75629          0
   0.76868          0
   0.78108          0
   0.79348          0
   0.80588          0
   0.81828          0
   0.83067          0
   0.84307          0
   0.85547          0
   0.86787          0
   0.88027          0
   0.89267          0
   0.90506          0
   0.91746          0
   0.92986          0
   0.94226          0
   0.95466          0
   0.96705          0
   0.97945          0
   0.99185          0
    1.0042          0
    1.0166          0
     1.029          0
    1.0414          0
    1.0538          0
    1.0662          0
    1.0786          0
     1.091          0
    1.1034          0
    1.1158          0
    1.1282          0
    1.1406          0
     1.153          0
    1.1654          0
    1.1778          0
    1.1902          0
    1.2026          0
     1.215          0
    1.2274          0
    1.2398          0
    1.2522          0
    1.2646          0
     1.277          0
    1.2894          0
    1.3018          0
    1.3142          0
    1.3266          0
     1.339          0
    1.3514          0
    1.3638          0
    1.3762          0
    1.3886          0
     1.401          0
    1.4134          0
    1.4258          0
    1.4382          0
    1.4506          0
     1.463          0
    1.4754          0
    1.4878          0
    1.5002          0
    1.5126          0
     1.525          0
    1.5374          0
    1.5498          0
    1.5622          0
    1.5746          0
     1.587          0
    1.5994          0
    1.6118          0
    1.6242          0
    1.6366          0
     1.649          0
    1.6613          0
    1.6737          0
    1.6861          0
    1.6985          0
    1.7109          0
    1.7233          0
    1.7357          0
    1.7481          0
    1.7605          0
    1.7729          0
    1.7853          0
    1.7977          0
    1.8101          0
    1.8225          0
    1.8349          0
    1.8473          0
    1.8597          0
    1.8721          0
    1.8845          0
    1.8969          0
    1.9093          0
    1.9217          0
    1.9341          0
    1.9465          0
    1.9589          0
    1.9713          0
    1.9837          0
    1.9961          0
    2.0085          0
    2.0209          0
    2.0333          0
    2.0457          0
    2.0581          0
    2.0705          0
    2.0829          0
    2.0953          0
    2.1077          0
    2.1201          0
    2.1325          0
    2.1449          0
    2.1573          0
    2.1697          0
    2.1821          0
    2.1945          0
    2.2069          0
    2.2193          0
    2.2317          0
    2.2441          0
    2.2565          0
    2.2689          0
    2.2813          0
    2.2937          0
    2.3061          0
    2.3185          0
    2.3308          0
    2.3432          0
    2.3556          0
     2.368          0
    2.3804          0
    2.3928          0
    2.4052          0
    2.4176          0
      2.43          0
    2.4424          0
    2.4548          0
    2.4672          0
    2.4796          0
     2.492          0
    2.5044          0
    2.5168          0
    2.5292          0
    2.5416          0
     2.554          0
    2.5664          0
    2.5788          0
    2.5912          0
    2.6036          0
     2.616          0
    2.6284          0
    2.6408          0
    2.6532          0
    2.6656          0
     2.678          0
    2.6904          0
    2.7028          0
    2.7152          0
    2.7276          0
      2.74          0
    2.7524          0
    2.7648          0
    2.7772          0
    2.7896          0
     2.802          0
    2.8144          0
    2.8268          0
    2.8392 3.2738e-12
    2.8516 8.5985e-12
     2.864 2.7611e-11
    2.8764 5.7175e-11
    2.8888 1.2334e-10
    2.9012 2.2638e-10
    2.9136 4.1483e-10
     2.926 7.0569e-10
    2.9384 1.1815e-09
    2.9508  1.903e-09
    2.9632 3.0069e-09
    2.9756 4.6407e-09
     2.988 7.0328e-09
    3.0003 1.0483e-08
    3.0127 1.5379e-08
    3.0251 2.2275e-08
    3.0375 3.1835e-08
    3.0499 4.5019e-08
    3.0623 6.2948e-08
    3.0747 8.7211e-08
    3.0871 1.1968e-07
    3.0995  1.629e-07
    3.1119 2.1993e-07
    3.1243 2.9475e-07
    3.1367 3.9222e-07
    3.1491 5.1849e-07
    3.1615  6.811e-07
    3.1739 8.8939e-07
    3.1863 1.1548e-06
    3.1987 1.4914e-06
    3.2111 1.9163e-06
    3.2235   2.45e-06
    3.2359 3.1178e-06
    3.2483 3.9497e-06
    3.2607 4.9822e-06
    3.2731 6.2585e-06
    3.2855 7.8307e-06
    3.2979 9.7602e-06
    3.3103 1.2121e-05
    3.3227 1.4998e-05
    3.3351 1.8496e-05
    3.3475 2.2733e-05
    3.3599 2.7852e-05
    3.3723 3.4019e-05
    3.3847 4.1426e-05
    3.3971 5.0301e-05
    3.4095 6.0905e-05
    3.4219 7.3543e-05
    3.4343 8.8569e-05
    3.4467 0.00010639
    3.4591 0.00012748
    3.4715 0.00015238
    3.4839 0.00018172
    3.4963 0.00021621
    3.5087 0.00025666
    3.5211 0.00030403
    3.5335 0.00035937
    3.5459 0.00042391
    3.5583 0.00049903
    3.5707 0.00058631
    3.5831 0.00068754
    3.5955 0.00080473
    3.6079 0.00094018
    3.6203  0.0010965
    3.6327  0.0012765
    3.6451  0.0014835
    3.6574  0.0017213
    3.6698  0.0019939
    3.6822  0.0023059
    3.6946  0.0026627
     3.707  0.0030699
    3.7194  0.0035341
    3.7318  0.0040626
    3.7442  0.0046633
    3.7566  0.0053453
     3.769  0.0061185
    3.7814  0.0069942
    3.7938  0.0079845
    3.8062  0.0091032
    3.8186   0.010365
     3.831   0.011787
    3.8434   0.013388
    3.8558   0.015188
    3.8682    0.01721
    3.8806   0.019478
     3.893   0.022019
    3.9054   0.024863
    3.9178   0.028045
    3.9302   0.031599
    3.9426   0.035565
     3.955   0.039987
    3.9674   0.044912
    3.9798   0.050392
    3.9922   0.056485
    4.0046   0.063252
     4.017   0.070761
    4.0294   0.079087
    4.0418   0.088309
    4.0542   0.098515
    4.0666     0.1098
     4.079    0.12227
    4.0914    0.13604
    4.1038    0.15122
    4.1162    0.16795
    4.1286    0.18639
     4.141    0.20667
    4.1534    0.22897
    4.1658    0.25347
    4.1782    0.28037
    4.1906    0.30989
     4.203    0.34224
    4.2154    0.37769
    4.2278     0.4165
    4.2402    0.45895
    4.2526    0.50536
     4.265    0.55607
    4.2774    0.61143
    4.2898    0.67183
    4.3022    0.73769
    4.3146    0.80945
    4.3269     0.8876
    4.3393    0.97264
    4.3517     1.0651
    4.3641     1.1657
    4.3765     1.2749
    4.3889     1.3934
    4.4013     1.5221
    4.4137     1.6616
    4.4261     1.8127
    4.4385     1.9765
    4.4509     2.1538
    4.4633     2.3455
    4.4757     2.5529
    4.4881     2.7771
    4.5005     3.0192
    4.5129     3.2806
    4.5253     3.5627
    4.5377     3.8669
    4.5501     4.1949
    4.5625     4.5482
    4.5749     4.9287
    4.5873     5.3383
    4.5997      5.779
    4.6121     6.2529
    4.6245     6.7622
    4.6369     7.3094
    4.6493      7.897
    4.6617     8.5277
    4.6741     9.2044
    4.6865       9.93
    4.6989     10.708
    4.7113     11.541
    4.7237     12.434
    4.7361     13.389
    4.7485     14.412
    4.7609     15.506
    4.7733     16.675
    4.7857     17.925
    4.7981      19.26
    4.8105     20.686
    4.8229     22.208
    4.8353     23.832
    4.8477     25.564
    4.8601     27.411
    4.8725     29.379
    4.8849     31.477
    4.8973     33.711
    4.9097     36.088
    4.9221     38.619
    4.9345     41.312
    4.9469     44.175
    4.9593     47.219
    4.9717     50.454
     4.984      53.89
    4.9964      57.54
    5.0088     61.415
    5.0212     65.527
    5.0336     69.889
     5.046     74.516
    5.0584     79.421
    5.0708      84.62
    5.0832     90.129
    5.0956     95.963
     5.108     102.14
    5.1204     108.68
    5.1328      115.6
    5.1452     122.92
    5.1576     130.66
      5.17     138.85
    5.1824      147.5
    5.1948     156.64
    5.2072     166.29
    5.2196     176.49
     5.232     187.25
    5.2444     198.61
    5.2568      210.6
    5.2692     223.24
    5.2816     236.57
     5.294     250.62
    5.3064     265.43
    5.3188     281.04
    5.3312     297.48
    5.3436     314.79
     5.356     333.01
    5.3684     352.19
    5.3808     372.38
    5.3932     393.61
    5.4056     415.94
     5.418     439.42
    5.4304      464.1
    5.4428     490.03
    5.4552     517.28
    5.4676     545.91
      5.48     575.97
    5.4924     607.52
    5.5048     640.65
    5.5172     675.41
    5.5296     711.88
     5.542     750.14
    5.5544     790.25
    5.5668     832.31
    5.5792     876.39
    5.5916     922.59
     5.604     970.99
    5.6164     1021.7
    5.6288     1074.8
    5.6412     1130.4
    5.6535     1188.6
    5.6659     1249.5
    5.6783     1313.2
    5.6907     1379.9
    5.7031     1449.6
    5.7155     1522.5
    5.7279     1598.7
    5.7403     1678.4
    5.7527     1761.7
    5.7651     1848.7
    5.7775     1939.5
    5.7899     2034.5
    5.8023     2133.6
    5.8147       2237
    5.8271     2345.1
    5.8395     2457.8
    5.8519     2575.4
    5.8643     2698.1
    5.8767       2826
    5.8891     2959.5
    5.9015     3098.6
    5.9139     3243.7
    5.9263     3394.8
    5.9387     3552.3
    5.9511     3716.5
    5.9635     3887.4
    5.9759     4065.4
    5.9883     4250.8
    6.0007     4443.9
    6.0131     4644.8
    6.0255     4853.9
    6.0379     5071.5
    6.0503     5297.9
    6.0627     5533.4
    6.0751     5778.3
    6.0875       6033
    6.0999     6297.8
    6.1123       6573
    6.1247     6859.2
    6.1371     7156.5
    6.1495     7465.4
    6.1619     7786.3
    6.1743     8119.7
    6.1867     8465.9
    6.1991     8825.4
    6.2115     9198.6
    6.2239       9586
    6.2363     9988.1
    6.2487      10405
    6.2611      10838
    6.2735      11287
    6.2859      11753
    6.2983      12237
    6.3107      12738
     6.323      13257
    6.3354      13795
    6.3478      14354
    6.3602      14932
    6.3726      15531
     6.385      16152
    6.3974      16796
    6.4098      17462
    6.4222      18152
    6.4346      18867
     6.447      19606
    6.4594      20372
    6.4718      21165
    6.4842      21985
    6.4966      22834
     6.509      23712
    6.5214      24621
    6.5338      25560
    6.5462      26532
    6.5586      27537
     6.571      28577
    6.5834      29651
    6.5958      30762
    6.6082      31909
    6.6206      33096
     6.633      34321
    6.6454      35588
    6.6578      36896
    6.6702      38248
    6.6826      39643
     6.695      41084
    6.7074      42573
    6.7198      44109
    6.7322      45695
    6.7446      47332
     6.757      49022
    6.7694      50766
    6.7818      52565
    6.7942      54421
    6.8066      56336
     6.819      58310
    6.8314      60347
    6.8438      62448
    6.8562      64613
    6.8686      66847
     6.881      69148
    6.8934      71521
    6.9058      73967
    6.9182      76487
    6.9306      79084
     6.943      81760
    6.9554      84516
    6.9678      87355
    6.9801      90280
    6.9925      93292
    7.0049      96394
    7.0173      99588
    7.0297 1.0288e+05
    7.0421 1.0626e+05
    7.0545 1.0975e+05
    7.0669 1.1333e+05
    7.0793 1.1702e+05
    7.0917 1.2082e+05
    7.1041 1.2473e+05
    7.1165 1.2875e+05
    7.1289 1.3289e+05
    7.1413 1.3714e+05
    7.1537 1.4152e+05
    7.1661 1.4602e+05
    7.1785 1.5065e+05
    7.1909 1.5541e+05
    7.2033  1.603e+05
    7.2157 1.6533e+05
    7.2281  1.705e+05
    7.2405 1.7581e+05
    7.2529 1.8128e+05
    7.2653 1.8689e+05
    7.2777 1.9266e+05
    7.2901 1.9858e+05
    7.3025 2.0467e+05
    7.3149 2.1093e+05
    7.3273 2.1735e+05
    7.3397 2.2395e+05
    7.3521 2.3073e+05
    7.3645 2.3769e+05
    7.3769 2.4483e+05
    7.3893 2.5217e+05
    7.4017  2.597e+05
    7.4141 2.6743e+05
    7.4265 2.7537e+05
    7.4389 2.8352e+05
    7.4513 2.9188e+05
    7.4637 3.0046e+05
    7.4761 3.0926e+05
    7.4885 3.1829e+05
    7.5009 3.2756e+05
    7.5133 3.3707e+05
    7.5257 3.4682e+05
    7.5381 3.5682e+05
    7.5505 3.6708e+05
    7.5629  3.776e+05
    7.5753 3.8838e+05
    7.5877 3.9944e+05
    7.6001 4.1078e+05
    7.6125 4.2241e+05
    7.6249 4.3432e+05
    7.6373 4.4654e+05
    7.6496 4.5906e+05
     7.662 4.7189e+05
    7.6744 4.8504e+05
    7.6868 4.9851e+05
    7.6992 5.1231e+05
    7.7116 5.2646e+05
     7.724 5.4094e+05
    7.7364 5.5579e+05
    7.7488 5.7099e+05
    7.7612 5.8656e+05
    7.7736 6.0251e+05
     7.786 6.1884e+05
    7.7984 6.3556e+05
    7.8108 6.5269e+05
    7.8232 6.7022e+05
    7.8356 6.8817e+05
     7.848 7.0654e+05
    7.8604 7.2535e+05
    7.8728  7.446e+05
    7.8852  7.643e+05
    7.8976 7.8447e+05
      7.91  8.051e+05
    7.9224 8.2621e+05
    7.9348 8.4782e+05
    7.9472 8.6992e+05
    7.9596 8.9253e+05
     7.972 9.1566e+05
    7.9844 9.3932e+05
    7.9968 9.6352e+05
    8.0092 9.8827e+05
    8.0216 1.0136e+06
     8.034 1.0395e+06
    8.0464 1.0659e+06
    8.0588  1.093e+06
    8.0712 1.1207e+06
    8.0836  1.149e+06
     8.096 1.1779e+06
    8.1084 1.2074e+06
    8.1208 1.2376e+06
    8.1332 1.2685e+06
    8.1456 1.3001e+06
     8.158 1.3324e+06
    8.1704 1.3653e+06
    8.1828  1.399e+06
    8.1952 1.4334e+06
    8.2076 1.4686e+06
      8.22 1.5045e+06
    8.2324 1.5412e+06
    8.2448 1.5786e+06
    8.2572 1.6169e+06
    8.2696  1.656e+06
     8.282 1.6959e+06
    8.2944 1.7367e+06
    8.3067 1.7784e+06
    8.3191 1.8209e+06
    8.3315 1.8643e+06
    8.3439 1.9086e+06
    8.3563 1.9539e+06
    8.3687 2.0001e+06
    8.3811 2.0473e+06
    8.3935 2.0954e+06
    8.4059 2.1445e+06
    8.4183 2.1947e+06
    8.4307 2.2459e+06
    8.4431 2.2981e+06
    8.4555 2.3514e+06
    8.4679 2.4058e+06
    8.4803 2.4613e+06
    8.4927 2.5179e+06
    8.5051 2.5756e+06
    8.5175 2.6345e+06
    8.5299 2.6946e+06
    8.5423  2.756e+06
    8.5547 2.8185e+06
    8.5671 2.8823e+06
    8.5795 2.9473e+06
    8.5919 3.0137e+06
    8.6043 3.0813e+06
    8.6167 3.1503e+06
    8.6291 3.2206e+06
    8.6415 3.2923e+06
    8.6539 3.3654e+06
    8.6663   3.44e+06
    8.6787 3.5159e+06
    8.6911 3.5934e+06
    8.7035 3.6724e+06
    8.7159 3.7528e+06
    8.7283 3.8348e+06
    8.7407 3.9184e+06
    8.7531 4.0036e+06
    8.7655 4.0904e+06
    8.7779 4.1789e+06
    8.7903  4.269e+06
    8.8027 4.3608e+06
    8.8151 4.4544e+06
    8.8275 4.5497e+06
    8.8399 4.6468e+06
    8.8523 4.7457e+06
    8.8647 4.8465e+06
    8.8771 4.9491e+06
    8.8895 5.0536e+06
    8.9019 5.1601e+06
    8.9143 5.2686e+06
    8.9267  5.379e+06
    8.9391 5.4914e+06
    8.9515 5.6059e+06
    8.9639 5.7225e+06
    8.9762 5.8412e+06
    8.9886 5.9621e+06
     9.001 6.0851e+06
    9.0134 6.2104e+06
    9.0258 6.3379e+06
    9.0382 6.4677e+06
    9.0506 6.5999e+06
     9.063 6.7343e+06
    9.0754 6.8712e+06
    9.0878 7.0105e+06
    9.1002 7.1522e+06
    9.1126 7.2965e+06
     9.125 7.4433e+06
    9.1374 7.5927e+06
    9.1498 7.7448e+06
    9.1622 7.8994e+06
    9.1746 8.0567e+06
     9.187 8.2168e+06
    9.1994 8.3797e+06
    9.2118 8.5454e+06
    9.2242  8.714e+06
    9.2366 8.8853e+06
     9.249 9.0597e+06
    9.2614 9.2371e+06
    9.2738 9.4175e+06
    9.2862 9.6009e+06
    9.2986 9.7875e+06
     9.311 9.9771e+06
    9.3234  1.017e+07
    9.3358 1.0366e+07
    9.3482 1.0566e+07
    9.3606 1.0768e+07
     9.373 1.0975e+07
    9.3854 1.1184e+07
    9.3978 1.1397e+07
    9.4102 1.1614e+07
    9.4226 1.1834e+07
     9.435 1.2058e+07
    9.4474 1.2286e+07
    9.4598 1.2517e+07
    9.4722 1.2752e+07
    9.4846 1.2991e+07
     9.497 1.3234e+07
    9.5094  1.348e+07
    9.5218 1.3731e+07
    9.5342 1.3986e+07
    9.5466 1.4245e+07
     9.559 1.4508e+07
    9.5714 1.4775e+07
    9.5838 1.5047e+07
    9.5962 1.5322e+07
    9.6086 1.5603e+07
     9.621 1.5887e+07
    9.6333 1.6177e+07
    9.6457  1.647e+07
    9.6581 1.6769e+07
    9.6705 1.7072e+07
    9.6829  1.738e+07
    9.6953 1.7692e+07
    9.7077  1.801e+07
    9.7201 1.8333e+07
    9.7325  1.866e+07
    9.7449 1.8993e+07
    9.7573  1.933e+07
    9.7697 1.9673e+07
    9.7821 2.0021e+07
    9.7945 2.0375e+07
    9.8069 2.0734e+07
    9.8193 2.1098e+07
    9.8317 2.1468e+07
    9.8441 2.1844e+07
    9.8565 2.2225e+07
    9.8689 2.2612e+07
    9.8813 2.3005e+07
    9.8937 2.3404e+07
    9.9061 2.3808e+07
    9.9185 2.4219e+07
    9.9309 2.4636e+07
    9.9433 2.5059e+07
    9.9557 2.5489e+07
    9.9681 2.5925e+07
    9.9805 2.6367e+07
    9.9929 2.6816e+07
    10.005 2.7271e+07
    10.018 2.7733e+07
     10.03 2.8202e+07
    10.042 2.8677e+07
    10.055  2.916e+07
    10.067 2.9649e+07
     10.08 3.0146e+07
    10.092  3.065e+07
    10.104 3.1161e+07
    10.117  3.168e+07
    10.129 3.2206e+07
    10.142 3.2739e+07
    10.154  3.328e+07
    10.166 3.3829e+07
    10.179 3.4386e+07
    10.191  3.495e+07
    10.204 3.5523e+07
    10.216 3.6103e+07
    10.228 3.6692e+07
    10.241 3.7289e+07
    10.253 3.7895e+07
    10.266 3.8508e+07
    10.278 3.9131e+07
     10.29 3.9762e+07
    10.303 4.0402e+07
    10.315 4.1051e+07
    10.328 4.1709e+07
     10.34 4.2376e+07
    10.352 4.3052e+07
    10.365 4.3737e+07
    10.377 4.4431e+07
     10.39 4.5136e+07
    10.402  4.585e+07
    10.414 4.6573e+07
    10.427 4.7306e+07
    10.439  4.805e+07
    10.452 4.8803e+07
    10.464 4.9566e+07
    10.476  5.034e+07
    10.489 5.1124e+07
    10.501 5.1919e+07
    10.514 5.2724e+07
    10.526  5.354e+07
    10.538 5.4367e+07
    10.551 5.5205e+07
    10.563 5.6054e+07
    10.576 5.6914e+07
    10.588 5.7785e+07
      10.6 5.8668e+07
    10.613 5.9563e+07
    10.625 6.0469e+07
    10.638 6.1387e+07
     10.65 6.2317e+07
    10.662 6.3259e+07
    10.675 6.4213e+07
    10.687  6.518e+07
      10.7 6.6159e+07
    10.712 6.7151e+07
    10.724 6.8155e+07
    10.737 6.9173e+07
    10.749 7.0203e+07
    10.762 7.1246e+07
    10.774 7.2303e+07
    10.786 7.3374e+07
    10.799 7.4457e+07
    10.811 7.5555e+07
    10.824 7.6667e+07
    10.836 7.7792e+07
    10.848 7.8931e+07
    10.861 8.0085e+07
    10.873 8.1254e+07
    10.886 8.2437e+07
    10.898 8.3634e+07
     10.91 8.4847e+07
    10.923 8.6074e+07
    10.935 8.7316e+07
    10.948 8.8575e+07
     10.96 8.9849e+07
    10.972 9.1138e+07
    10.985 9.2443e+07
    10.997 9.3764e+07
     11.01 9.5101e+07
    11.022 9.6454e+07
    11.034 9.7824e+07
    11.047 9.9211e+07
    11.059 1.0061e+08
    11.072 1.0203e+08
    11.084 1.0347e+08
    11.096 1.0493e+08
    11.109  1.064e+08
    11.121 1.0789e+08
    11.134  1.094e+08
    11.146 1.1092e+08
    11.158 1.1247e+08
    11.171 1.1403e+08
    11.183 1.1561e+08
    11.196 1.1721e+08
    11.208 1.1883e+08
     11.22 1.2046e+08
    11.233 1.2212e+08
    11.245 1.2379e+08
    11.258 1.2549e+08
     11.27 1.2721e+08
    11.282 1.2894e+08
    11.295  1.307e+08
    11.307 1.3247e+08
    11.319 1.3427e+08
    11.332 1.3609e+08
    11.344 1.3792e+08
    11.357 1.3978e+08
    11.369 1.4166e+08
    11.381 1.4356e+08
    11.394 1.4549e+08
    11.406 1.4743e+08
    11.419  1.494e+08
    11.431 1.5139e+08
    11.443  1.534e+08
    11.456 1.5544e+08
    11.468  1.575e+08
    11.481 1.5958e+08
    11.493 1.6168e+08
    11.505 1.6381e+08
    11.518 1.6597e+08
     11.53 1.6814e+08
    11.543 1.7034e+08
    11.555 1.7257e+08
    11.567 1.7482e+08
     11.58 1.7709e+08
    11.592 1.7939e+08
    11.605 1.8172e+08
    11.617 1.8407e+08
    11.629 1.8644e+08
    11.642 1.8885e+08
    11.654 1.9128e+08
    11.667 1.9373e+08
    11.679 1.9621e+08
    11.691 1.9872e+08
    11.704 2.0126e+08
    11.716 2.0382e+08
    11.729 2.0642e+08
    11.741 2.0903e+08
    11.753 2.1168e+08
    11.766 2.1436e+08
    11.778 2.1706e+08
    11.791  2.198e+08
    11.803 2.2256e+08
    11.815 2.2535e+08
    11.828 2.2817e+08
     11.84 2.3103e+08
    11.853 2.3391e+08
    11.865 2.3682e+08
    11.877 2.3976e+08
     11.89 2.4274e+08
    11.902 2.4574e+08
    11.915 2.4878e+08
    11.927 2.5185e+08
    11.939 2.5495e+08
    11.952 2.5808e+08
    11.964 2.6125e+08
    11.977 2.6444e+08
    11.989 2.6767e+08
    12.001 2.7094e+08
    12.014 2.7424e+08
    12.026 2.7757e+08
    12.039 2.8094e+08
    12.051 2.8434e+08
    12.063 2.8777e+08
    12.076 2.9124e+08
    12.088 2.9475e+08
    12.101 2.9829e+08
    12.113 3.0187e+08
    12.125 3.0548e+08
    12.138 3.0913e+08
     12.15 3.1282e+08
    12.163 3.1654e+08
    12.175  3.203e+08
    12.187  3.241e+08
      12.2 3.2794e+08
    12.212 3.3182e+08
    12.225 3.3573e+08
    12.237 3.3968e+08
    12.249 3.4368e+08
    12.262 3.4771e+08
    12.274 3.5178e+08
    12.287 3.5589e+08
    12.299 3.6005e+08
    12.311 3.6424e+08
    12.324 3.6847e+08
    12.336 3.7275e+08
    12.349 3.7707e+08
    12.361 3.8143e+08
    12.373 3.8583e+08
    12.386 3.9028e+08
    12.398 3.9476e+08
    12.411 3.9929e+08
    12.423 4.0387e+08
    12.435 4.0849e+08
    12.448 4.1315e+08
     12.46 4.1786e+08
    12.473 4.2262e+08
    12.485 4.2742e+08
    12.497 4.3226e+08
     12.51 4.3715e+08
    12.522 4.4209e+08
    12.535 4.4707e+08
    12.547  4.521e+08
    12.559 4.5718e+08
    12.572 4.6231e+08
    12.584 4.6749e+08
    12.597 4.7271e+08
    12.609 4.7798e+08
    12.621  4.833e+08
    12.634 4.8868e+08
    12.646  4.941e+08
    12.658 4.9957e+08
    12.671 5.0509e+08
    12.683 5.1067e+08
    12.696  5.163e+08
    12.708 5.2197e+08
     12.72 5.2771e+08
    12.733 5.3349e+08
    12.745 5.3932e+08
    12.758 5.4522e+08
     12.77 5.5116e+08
    12.782 5.5716e+08
    12.795 5.6321e+08
    12.807 5.6932e+08
     12.82 5.7548e+08
    12.832  5.817e+08
    12.844 5.8798e+08
    12.857 5.9431e+08
    12.869  6.007e+08
    12.882 6.0714e+08
    12.894 6.1365e+08
    12.906 6.2021e+08
    12.919 6.2683e+08
    12.931 6.3351e+08
    12.944 6.4026e+08
    12.956 6.4706e+08
    12.968 6.5392e+08
    12.981 6.6084e+08
    12.993 6.6782e+08
    13.006 6.7486e+08
    13.018 6.8197e+08
     13.03 6.8914e+08
    13.043 6.9637e+08
    13.055 7.0367e+08
    13.068 7.1103e+08
     13.08 7.1845e+08
    13.092 7.2594e+08
    13.105 7.3349e+08
    13.117 7.4111e+08
     13.13 7.4879e+08
    13.142 7.5655e+08
    13.154 7.6437e+08
    13.167 7.7225e+08
    13.179  7.802e+08
    13.192 7.8822e+08
    13.204 7.9631e+08
    13.216 8.0447e+08
    13.229 8.1271e+08
    13.241   8.21e+08
    13.254 8.2937e+08
    13.266 8.3781e+08
    13.278 8.4633e+08
    13.291 8.5491e+08
    13.303 8.6357e+08
    13.316  8.723e+08
    13.328 8.8111e+08
     13.34 8.8998e+08
    13.353 8.9893e+08
    13.365 9.0796e+08
    13.378 9.1706e+08
     13.39 9.2624e+08
    13.402  9.355e+08
    13.415 9.4483e+08
    13.427 9.5424e+08
     13.44 9.6373e+08
    13.452 9.7329e+08
    13.464 9.8293e+08
    13.477 9.9266e+08
    13.489 1.0025e+09
    13.502 1.0123e+09
    13.514 1.0223e+09
    13.526 1.0324e+09
    13.539 1.0425e+09
    13.551 1.0527e+09
    13.564  1.063e+09
    13.576 1.0734e+09
    13.588 1.0838e+09
    13.601 1.0944e+09
    13.613  1.105e+09
    13.626 1.1157e+09
    13.638 1.1265e+09
     13.65 1.1374e+09
    13.663 1.1484e+09
    13.675 1.1595e+09
    13.688 1.1706e+09
      13.7 1.1819e+09
    13.712 1.1932e+09
    13.725 1.2046e+09
    13.737 1.2161e+09
     13.75 1.2277e+09
    13.762 1.2394e+09
    13.774 1.2512e+09
    13.787 1.2631e+09
    13.799 1.2751e+09
    13.812 1.2871e+09
    13.824 1.2993e+09
    13.836 1.3116e+09
    13.849 1.3239e+09
    13.861 1.3364e+09
    13.874 1.3489e+09
    13.886 1.3616e+09
    13.898 1.3743e+09
    13.911 1.3871e+09
    13.923 1.4001e+09
    13.936 1.4131e+09
    13.948 1.4263e+09
     13.96 1.4395e+09
    13.973 1.4528e+09
    13.985 1.4663e+09
    13.997 1.4798e+09
     14.01 1.4935e+09
    14.022 1.5072e+09
    14.035 1.5211e+09
    14.047 1.5351e+09
    14.059 1.5491e+09
    14.072 1.5633e+09
    14.084 1.5776e+09
    14.097  1.592e+09
    14.109 1.6065e+09
    14.121 1.6211e+09
    14.134 1.6358e+09
    14.146 1.6506e+09
    14.159 1.6656e+09
    14.171 1.6806e+09
    14.183 1.6958e+09
    14.196 1.7111e+09
    14.208 1.7265e+09
    14.221  1.742e+09
    14.233 1.7576e+09
    14.245 1.7733e+09
    14.258 1.7892e+09
     14.27 1.8051e+09
    14.283 1.8212e+09
    14.295 1.8374e+09
    14.307 1.8537e+09
     14.32 1.8702e+09
    14.332 1.8867e+09
    14.345 1.9034e+09
    14.357 1.9202e+09
    14.369 1.9371e+09
    14.382 1.9542e+09
    14.394 1.9714e+09
    14.407 1.9886e+09
    14.419 2.0061e+09
    14.431 2.0236e+09
    14.444 2.0413e+09
    14.456 2.0591e+09
    14.469  2.077e+09
    14.481  2.095e+09
    14.493 2.1132e+09
    14.506 2.1315e+09
    14.518   2.15e+09
    14.531 2.1686e+09
    14.543 2.1872e+09
    14.555 2.2061e+09
    14.568 2.2251e+09
     14.58 2.2442e+09
    14.593 2.2634e+09
    14.605 2.2828e+09
    14.617 2.3023e+09
     14.63 2.3219e+09
    14.642 2.3417e+09
    14.655 2.3616e+09
    14.667 2.3817e+09
    14.679 2.4019e+09
    14.692 2.4222e+09
    14.704 2.4427e+09
    14.717 2.4633e+09
    14.729 2.4841e+09
    14.741  2.505e+09
    14.754  2.526e+09
    14.766 2.5472e+09
    14.779 2.5686e+09
    14.791 2.5901e+09
    14.803 2.6117e+09
    14.816 2.6335e+09
    14.828 2.6554e+09
    14.841 2.6775e+09
    14.853 2.6997e+09
    14.865 2.7221e+09
    14.878 2.7447e+09
     14.89 2.7673e+09
    14.903 2.7902e+09
    14.915 2.8132e+09
    14.927 2.8363e+09
     14.94 2.8596e+09
    14.952 2.8831e+09
    14.965 2.9067e+09
    14.977 2.9305e+09
    14.989 2.9544e+09
    15.002 2.9785e+09
    15.014 3.0028e+09
    15.027 3.0272e+09
    15.039 3.0518e+09
    15.051 3.0765e+09
    15.064 3.1014e+09
    15.076 3.1264e+09
    15.089 3.1517e+09
    15.101 3.1771e+09
    15.113 3.2027e+09
    15.126 3.2284e+09
    15.138 3.2543e+09
    15.151 3.2804e+09
    15.163 3.3066e+09
    15.175  3.333e+09
    15.188 3.3596e+09
      15.2 3.3864e+09
    15.213 3.4133e+09
    15.225 3.4404e+09
    15.237 3.4677e+09
     15.25 3.4952e+09
    15.262 3.5228e+09
    15.275 3.5506e+09
    15.287 3.5786e+09
    15.299 3.6068e+09
    15.312 3.6351e+09
    15.324 3.6637e+09
    15.336 3.6924e+09
    15.349 3.7213e+09
    15.361 3.7504e+09
    15.374 3.7796e+09
    15.386 3.8091e+09
    15.398 3.8387e+09
    15.411 3.8685e+09
    15.423 3.8985e+09
    15.436 3.9288e+09
    15.448 3.9591e+09
     15.46 3.9897e+09
    15.473 4.0205e+09
    15.485 4.0515e+09
    15.498 4.0826e+09
     15.51  4.114e+09
    15.522 4.1455e+09
    15.535 4.1773e+09
    15.547 4.2092e+09
     15.56 4.2414e+09
    15.572 4.2737e+09
    15.584 4.3063e+09
    15.597  4.339e+09
    15.609 4.3719e+09
    15.622 4.4051e+09
    15.634 4.4384e+09
    15.646  4.472e+09
    15.659 4.5057e+09
    15.671 4.5397e+09
    15.684 4.5739e+09
    15.696 4.6083e+09
    15.708 4.6429e+09
    15.721 4.6777e+09
    15.733 4.7127e+09
    15.746 4.7479e+09
    15.758 4.7834e+09
     15.77  4.819e+09
    15.783 4.8549e+09
    15.795  4.891e+09
    15.808 4.9273e+09
     15.82 4.9638e+09
    15.832 5.0005e+09
    15.845 5.0375e+09
    15.857 5.0747e+09
     15.87 5.1121e+09
    15.882 5.1497e+09
    15.894 5.1875e+09
    15.907 5.2256e+09
    15.919 5.2639e+09
    15.932 5.3024e+09
    15.944 5.3412e+09
    15.956 5.3801e+09
    15.969 5.4194e+09
    15.981 5.4588e+09
    15.994 5.4985e+09
    16.006 5.5384e+09
    16.018 5.5785e+09
    16.031 5.6189e+09
    16.043 5.6595e+09
    16.056 5.7003e+09
    16.068 5.7414e+09
     16.08 5.7827e+09
    16.093 5.8243e+09
    16.105 5.8661e+09
    16.118 5.9081e+09
     16.13 5.9504e+09
    16.142 5.9929e+09
    16.155 6.0357e+09
    16.167 6.0787e+09
     16.18  6.122e+09
    16.192 6.1655e+09
    16.204 6.2093e+09
    16.217 6.2533e+09
    16.229 6.2976e+09
    16.242 6.3421e+09
    16.254 6.3868e+09
    16.266 6.4319e+09
    16.279 6.4771e+09
    16.291 6.5227e+09
    16.304 6.5685e+09
    16.316 6.6145e+09
    16.328 6.6608e+09
    16.341 6.7074e+09
    16.353 6.7542e+09
    16.366 6.8013e+09
    16.378 6.8487e+09
     16.39 6.8963e+09
    16.403 6.9442e+09
    16.415 6.9923e+09
    16.428 7.0408e+09
     16.44 7.0894e+09
    16.452 7.1384e+09
    16.465 7.1876e+09
    16.477 7.2372e+09
     16.49 7.2869e+09
    16.502  7.337e+09
    16.514 7.3873e+09
    16.527 7.4379e+09
    16.539 7.4888e+09
    16.552   7.54e+09
    16.564 7.5914e+09
    16.576 7.6431e+09
    16.589 7.6951e+09
    16.601 7.7474e+09
    16.613    7.8e+09
    16.626 7.8528e+09
    16.638  7.906e+09
    16.651 7.9594e+09
    16.663 8.0132e+09
    16.675 8.0672e+09
    16.688 8.1215e+09
      16.7 8.1761e+09
    16.713  8.231e+09
    16.725 8.2861e+09
    16.737 8.3416e+09
     16.75 8.3974e+09
    16.762 8.4535e+09
    16.775 8.5098e+09
    16.787 8.5665e+09
    16.799 8.6235e+09
    16.812 8.6808e+09
    16.824 8.7384e+09
    16.837 8.7963e+09
    16.849 8.8545e+09
    16.861  8.913e+09
    16.874 8.9718e+09
    16.886 9.0309e+09
    16.899 9.0904e+09
    16.911 9.1501e+09
    16.923 9.2102e+09
    16.936 9.2705e+09
    16.948 9.3312e+09
    16.961 9.3922e+09
    16.973 9.4535e+09
    16.985 9.5152e+09
    16.998 9.5771e+09
     17.01 9.6394e+09
    17.023  9.702e+09
    17.035 9.7649e+09
    17.047 9.8282e+09
     17.06 9.8918e+09
    17.072 9.9557e+09
    17.085  1.002e+10
    17.097 1.0085e+10
    17.109 1.0149e+10
    17.122 1.0215e+10
    17.134  1.028e+10
    17.147 1.0346e+10
    17.159 1.0412e+10
    17.171 1.0479e+10
    17.184 1.0546e+10
    17.196 1.0613e+10
    17.209 1.0681e+10
    17.221 1.0749e+10
    17.233 1.0817e+10
    17.246 1.0886e+10
    17.258 1.0954e+10
    17.271 1.1024e+10
    17.283 1.1093e+10
    17.295 1.1164e+10
    17.308 1.1234e+10
     17.32 1.1305e+10
    17.333 1.1376e+10
    17.345 1.1447e+10
    17.357 1.1519e+10
     17.37 1.1591e+10
    17.382 1.1663e+10
    17.395 1.1736e+10
    17.407  1.181e+10
    17.419 1.1883e+10
    17.432 1.1957e+10
    17.444 1.2031e+10
    17.457 1.2106e+10
    17.469 1.2181e+10
    17.481 1.2257e+10
    17.494 1.2332e+10
    17.506 1.2408e+10
    17.519 1.2485e+10
    17.531 1.2562e+10
    17.543 1.2639e+10
    17.556 1.2717e+10
    17.568 1.2795e+10
    17.581 1.2873e+10
    17.593 1.2952e+10
    17.605 1.3031e+10
    17.618 1.3111e+10
     17.63 1.3191e+10
    17.643 1.3271e+10
    17.655 1.3352e+10
    17.667 1.3433e+10
     17.68 1.3514e+10
    17.692 1.3596e+10
    17.705 1.3678e+10
    17.717 1.3761e+10
    17.729 1.3844e+10
    17.742 1.3928e+10
    17.754 1.4011e+10
    17.767 1.4096e+10
    17.779  1.418e+10
    17.791 1.4265e+10
    17.804 1.4351e+10
    17.816 1.4437e+10
    17.829 1.4523e+10
    17.841  1.461e+10
    17.853 1.4697e+10
    17.866 1.4784e+10
    17.878 1.4872e+10
    17.891  1.496e+10
    17.903 1.5049e+10
    17.915 1.5138e+10
    17.928 1.5228e+10
     17.94 1.5318e+10
    17.952 1.5408e+10
    17.965 1.5499e+10
    17.977  1.559e+10
     17.99 1.5682e+10
    18.002 1.5774e+10
    18.014 1.5866e+10
    18.027 1.5959e+10
    18.039 1.6053e+10
    18.052 1.6146e+10
    18.064 1.6241e+10
    18.076 1.6335e+10
    18.089  1.643e+10
    18.101 1.6526e+10
    18.114 1.6622e+10
    18.126 1.6718e+10
    18.138 1.6815e+10
    18.151 1.6912e+10
    18.163  1.701e+10
    18.176 1.7108e+10
    18.188 1.7207e+10
      18.2 1.7306e+10
    18.213 1.7406e+10
    18.225 1.7505e+10
    18.238 1.7606e+10
     18.25 1.7707e+10
    18.262 1.7808e+10
    18.275  1.791e+10
    18.287 1.8012e+10
      18.3 1.8115e+10
    18.312 1.8218e+10
    18.324 1.8321e+10
    18.337 1.8425e+10
    18.349  1.853e+10
    18.362 1.8635e+10
    18.374  1.874e+10
    18.386 1.8846e+10
    18.399 1.8953e+10
    18.411  1.906e+10
    18.424 1.9167e+10
    18.436 1.9275e+10
    18.448 1.9383e+10
    18.461 1.9492e+10
    18.473 1.9601e+10
    18.486 1.9711e+10
    18.498 1.9821e+10
     18.51 1.9931e+10
    18.523 2.0043e+10
    18.535 2.0154e+10
    18.548 2.0266e+10
     18.56 2.0379e+10
    18.572 2.0492e+10
    18.585 2.0606e+10
    18.597  2.072e+10
     18.61 2.0834e+10
    18.622 2.0949e+10
    18.634 2.1065e+10
    18.647 2.1181e+10
    18.659 2.1298e+10
    18.672 2.1415e+10
    18.684 2.1532e+10
    18.696  2.165e+10
    18.709 2.1769e+10
    18.721 2.1888e+10
    18.734 2.2008e+10
    18.746 2.2128e+10
    18.758 2.2248e+10
    18.771  2.237e+10
    18.783 2.2491e+10
    18.796 2.2613e+10
    18.808 2.2736e+10
     18.82 2.2859e+10
    18.833 2.2983e+10
    18.845 2.3107e+10
    18.858 2.3232e+10
     18.87 2.3357e+10
    18.882 2.3483e+10
    18.895 2.3609e+10
    18.907 2.3736e+10
     18.92 2.3864e+10
    18.932 2.3992e+10
    18.944  2.412e+10
    18.957 2.4249e+10
    18.969 2.4379e+10
    18.982 2.4509e+10
    18.994 2.4639e+10
    19.006 2.4771e+10
    19.019 2.4902e+10
    19.031 2.5035e+10
    19.044 2.5167e+10
    19.056 2.5301e+10
    19.068 2.5434e+10
    19.081 2.5569e+10
    19.093 2.5704e+10
    19.106 2.5839e+10
    19.118 2.5976e+10
     19.13 2.6112e+10
    19.143 2.6249e+10
    19.155 2.6387e+10
    19.168 2.6526e+10
     19.18 2.6664e+10
    19.192 2.6804e+10
    19.205 2.6944e+10
    19.217 2.7085e+10
     19.23 2.7226e+10
    19.242 2.7367e+10
    19.254  2.751e+10
    19.267 2.7653e+10
    19.279 2.7796e+10
    19.291  2.794e+10
    19.304 2.8085e+10
    19.316  2.823e+10
    19.329 2.8376e+10
    19.341 2.8522e+10
    19.353 2.8669e+10
    19.366 2.8817e+10
    19.378 2.8965e+10
    19.391 2.9113e+10
    19.403 2.9263e+10
    19.415 2.9413e+10
    19.428 2.9563e+10
     19.44 2.9714e+10
    19.453 2.9866e+10
    19.465 3.0018e+10
    19.477 3.0171e+10
     19.49 3.0324e+10
    19.502 3.0479e+10
    19.515 3.0633e+10
    19.527 3.0789e+10
    19.539 3.0945e+10
    19.552 3.1101e+10
    19.564 3.1258e+10
    19.577 3.1416e+10
    19.589 3.1574e+10
    19.601 3.1733e+10
    19.614 3.1893e+10
    19.626 3.2053e+10
    19.639 3.2214e+10
    19.651 3.2375e+10
    19.663 3.2537e+10
    19.676   3.27e+10
    19.688 3.2863e+10
    19.701 3.3027e+10
    19.713 3.3192e+10
    19.725 3.3357e+10
    19.738 3.3523e+10
     19.75 3.3689e+10
    19.763 3.3857e+10
    19.775 3.4024e+10
    19.787 3.4193e+10
      19.8 3.4362e+10
    19.812 3.4531e+10
    19.825 3.4702e+10
    19.837 3.4873e+10
    19.849 3.5044e+10
    19.862 3.5217e+10
    19.874 3.5389e+10
    19.887 3.5563e+10
    19.899 3.5737e+10
    19.911 3.5912e+10
    19.924 3.6088e+10
    19.936 3.6264e+10
    19.949 3.6441e+10
    19.961 3.6618e+10
    19.973 3.6797e+10
    19.986 3.6975e+10
    19.998 3.7155e+10
    20.011 3.7335e+10
    20.023 3.7516e+10
    20.035 3.7698e+10
    20.048  3.788e+10
     20.06 3.8063e+10
    20.073 3.8246e+10
    20.085 3.8431e+10
    20.097 3.8616e+10
     20.11 3.8801e+10
    20.122 3.8987e+10
    20.135 3.9174e+10
    20.147 3.9362e+10
    20.159  3.955e+10
    20.172 3.9739e+10
    20.184 3.9929e+10
    20.197  4.012e+10
    20.209 4.0311e+10
    20.221 4.0503e+10
    20.234 4.0695e+10
    20.246 4.0888e+10
    20.259 4.1082e+10
    20.271 4.1277e+10
    20.283 4.1473e+10
    20.296 4.1669e+10
    20.308 4.1865e+10
    20.321 4.2063e+10
    20.333 4.2261e+10
    20.345  4.246e+10
    20.358 4.2659e+10
     20.37  4.286e+10
    20.383 4.3061e+10
    20.395 4.3263e+10
    20.407 4.3465e+10
     20.42 4.3668e+10
    20.432 4.3872e+10
    20.445 4.4077e+10
    20.457 4.4282e+10
    20.469 4.4488e+10
    20.482 4.4695e+10
    20.494 4.4903e+10
    20.507 4.5111e+10
    20.519  4.532e+10
    20.531  4.553e+10
    20.544 4.5741e+10
    20.556 4.5952e+10
    20.569 4.6164e+10
    20.581 4.6377e+10
    20.593  4.659e+10
    20.606 4.6805e+10
    20.618  4.702e+10
     20.63 4.7235e+10
    20.643 4.7452e+10
    20.655 4.7669e+10
    20.668 4.7887e+10
     20.68 4.8106e+10
    20.692 4.8326e+10
    20.705 4.8546e+10
    20.717 4.8767e+10
     20.73 4.8989e+10
    20.742 4.9212e+10
    20.754 4.9435e+10
    20.767 4.9659e+10
    20.779 4.9884e+10
    20.792  5.011e+10
    20.804 5.0337e+10
    20.816 5.0564e+10
    20.829 5.0792e+10
    20.841 5.1021e+10
    20.854  5.125e+10
    20.866 5.1481e+10
    20.878 5.1712e+10
    20.891 5.1944e+10
    20.903 5.2177e+10
    20.916  5.241e+10
    20.928 5.2645e+10
     20.94  5.288e+10
    20.953 5.3116e+10
    20.965 5.3353e+10
    20.978  5.359e+10
     20.99 5.3829e+10
    21.002 5.4068e+10
    21.015 5.4308e+10
    21.027 5.4548e+10
     21.04  5.479e+10
    21.052 5.5032e+10
    21.064 5.5276e+10
    21.077  5.552e+10
    21.089 5.5765e+10
    21.102  5.601e+10
    21.114 5.6257e+10
    21.126 5.6504e+10
    21.139 5.6752e+10
    21.151 5.7001e+10
    21.164 5.7251e+10
    21.176 5.7501e+10
    21.188 5.7753e+10
    21.201 5.8005e+10
    21.213 5.8258e+10
    21.226 5.8512e+10
    21.238 5.8767e+10
     21.25 5.9022e+10
    21.263 5.9279e+10
    21.275 5.9536e+10
    21.288 5.9795e+10
      21.3 6.0053e+10
    21.312 6.0314e+10
    21.325 6.0574e+10
    21.337 6.0836e+10
     21.35 6.1098e+10
    21.362 6.1361e+10
    21.374 6.1625e+10
    21.387  6.189e+10
    21.399 6.2156e+10
    21.412 6.2423e+10
    21.424  6.269e+10
    21.436 6.2959e+10
    21.449 6.3228e+10
    21.461 6.3498e+10
    21.474 6.3769e+10
    21.486 6.4041e+10
    21.498 6.4314e+10
    21.511 6.4587e+10
    21.523 6.4862e+10
    21.536 6.5138e+10
    21.548 6.5414e+10
     21.56 6.5691e+10
    21.573 6.5969e+10
    21.585 6.6248e+10
    21.598 6.6528e+10
     21.61 6.6808e+10
    21.622  6.709e+10
    21.635 6.7372e+10
    21.647 6.7656e+10
     21.66  6.794e+10
    21.672 6.8225e+10
    21.684 6.8511e+10
    21.697 6.8798e+10
    21.709 6.9086e+10
    21.722 6.9375e+10
    21.734 6.9665e+10
    21.746 6.9955e+10
    21.759 7.0247e+10
    21.771 7.0539e+10
    21.784 7.0832e+10
    21.796 7.1127e+10
    21.808 7.1422e+10
    21.821 7.1718e+10
    21.833 7.2015e+10
    21.846 7.2313e+10
    21.858 7.2612e+10
     21.87 7.2912e+10
    21.883 7.3212e+10
    21.895 7.3514e+10
    21.908 7.3817e+10
     21.92  7.412e+10
    21.932 7.4424e+10
    21.945  7.473e+10
    21.957 7.5036e+10
    21.969 7.5343e+10
    21.982 7.5652e+10
    21.994 7.5961e+10
    22.007 7.6271e+10
    22.019 7.6582e+10
    22.031 7.6894e+10
    22.044 7.7207e+10
    22.056 7.7521e+10
    22.069 7.7836e+10
    22.081 7.8151e+10
    22.093 7.8468e+10
    22.106 7.8786e+10
    22.118 7.9104e+10
    22.131 7.9424e+10
    22.143 7.9745e+10
    22.155 8.0066e+10
    22.168 8.0389e+10
     22.18 8.0713e+10
    22.193 8.1037e+10
    22.205 8.1362e+10
    22.217 8.1689e+10
     22.23 8.2016e+10
    22.242 8.2344e+10
    22.255 8.2674e+10
    22.267 8.3005e+10
    22.279 8.3336e+10
    22.292 8.3668e+10
    22.304 8.4002e+10
    22.317 8.4336e+10
    22.329 8.4671e+10
    22.341 8.5007e+10
    22.354 8.5345e+10
    22.366 8.5683e+10
    22.379 8.6022e+10
    22.391 8.6363e+10
    22.403 8.6704e+10
    22.416 8.7046e+10
    22.428 8.7389e+10
    22.441 8.7734e+10
    22.453 8.8079e+10
    22.465 8.8426e+10
    22.478 8.8773e+10
     22.49 8.9121e+10
    22.503  8.947e+10
    22.515 8.9821e+10
    22.527 9.0172e+10
     22.54 9.0525e+10
    22.552 9.0878e+10
    22.565 9.1233e+10
    22.577 9.1588e+10
    22.589 9.1945e+10
    22.602 9.2303e+10
    22.614 9.2661e+10
    22.627 9.3021e+10
    22.639 9.3381e+10
    22.651 9.3744e+10
    22.664 9.4106e+10
    22.676  9.447e+10
    22.689 9.4835e+10
    22.701 9.5201e+10
    22.713 9.5567e+10
    22.726 9.5935e+10
    22.738 9.6304e+10
    22.751 9.6675e+10
    22.763 9.7046e+10
    22.775 9.7418e+10
    22.788 9.7792e+10
      22.8 9.8166e+10
    22.813 9.8541e+10
    22.825 9.8918e+10
    22.837 9.9295e+10
     22.85 9.9674e+10
    22.862 1.0005e+11
    22.875 1.0043e+11
    22.887 1.0082e+11
    22.899  1.012e+11
    22.912 1.0158e+11
    22.924 1.0197e+11
    22.937 1.0235e+11
    22.949 1.0274e+11
    22.961 1.0313e+11
    22.974 1.0352e+11
    22.986 1.0391e+11
    22.999  1.043e+11
    23.011 1.0469e+11
    23.023 1.0509e+11
    23.036 1.0548e+11
    23.048 1.0588e+11
    23.061 1.0627e+11
    23.073 1.0667e+11
    23.085 1.0707e+11
    23.098 1.0747e+11
     23.11 1.0787e+11
    23.123 1.0828e+11
    23.135 1.0868e+11
    23.147 1.0908e+11
     23.16 1.0949e+11
    23.172  1.099e+11
    23.185 1.1031e+11
    23.197 1.1071e+11
    23.209 1.1112e+11
    23.222 1.1154e+11
    23.234 1.1195e+11
    23.247 1.1236e+11
    23.259 1.1278e+11
    23.271 1.1319e+11
    23.284 1.1361e+11
    23.296 1.1403e+11
    23.308 1.1445e+11
    23.321 1.1487e+11
    23.333 1.1529e+11
    23.346 1.1571e+11
    23.358 1.1614e+11
     23.37 1.1656e+11
    23.383 1.1699e+11
    23.395 1.1742e+11
    23.408 1.1784e+11
     23.42 1.1827e+11
    23.432  1.187e+11
    23.445 1.1914e+11
    23.457 1.1957e+11
     23.47    1.2e+11
    23.482 1.2044e+11
    23.494 1.2087e+11
    23.507 1.2131e+11
    23.519 1.2175e+11
    23.532 1.2219e+11
    23.544 1.2263e+11
    23.556 1.2308e+11
    23.569 1.2352e+11
    23.581 1.2396e+11
    23.594 1.2441e+11
    23.606 1.2486e+11
    23.618 1.2531e+11
    23.631 1.2575e+11
    23.643  1.262e+11
    23.656 1.2666e+11
    23.668 1.2711e+11
     23.68 1.2756e+11
    23.693 1.2802e+11
    23.705 1.2848e+11
    23.718 1.2893e+11
     23.73 1.2939e+11
    23.742 1.2985e+11
    23.755 1.3031e+11
    23.767 1.3078e+11
     23.78 1.3124e+11
    23.792 1.3171e+11
    23.804 1.3217e+11
    23.817 1.3264e+11
    23.829 1.3311e+11
    23.842 1.3358e+11
    23.854 1.3405e+11
    23.866 1.3452e+11
    23.879 1.3499e+11
    23.891 1.3547e+11
    23.904 1.3594e+11
    23.916 1.3642e+11
    23.928  1.369e+11
    23.941 1.3738e+11
    23.953 1.3786e+11
    23.966 1.3834e+11
    23.978 1.3882e+11
     23.99 1.3931e+11
    24.003 1.3979e+11
    24.015 1.4028e+11
    24.028 1.4077e+11
     24.04 1.4126e+11
    24.052 1.4175e+11
    24.065 1.4224e+11
    24.077 1.4273e+11
     24.09 1.4323e+11
    24.102 1.4372e+11
    24.114 1.4422e+11
    24.127 1.4472e+11
    24.139 1.4522e+11
    24.152 1.4572e+11
    24.164 1.4622e+11
    24.176 1.4672e+11
    24.189 1.4723e+11
    24.201 1.4773e+11
    24.214 1.4824e+11
    24.226 1.4875e+11
    24.238 1.4926e+11
    24.251 1.4977e+11
    24.263 1.5028e+11
    24.276 1.5079e+11
    24.288 1.5131e+11
      24.3 1.5182e+11
    24.313 1.5234e+11
    24.325 1.5286e+11
    24.338 1.5338e+11
     24.35  1.539e+11
    24.362 1.5442e+11
    24.375 1.5495e+11
    24.387 1.5547e+11
      24.4   1.56e+11
    24.412 1.5652e+11
    24.424 1.5705e+11
    24.437 1.5758e+11
    24.449 1.5811e+11
    24.462 1.5865e+11
    24.474 1.5918e+11
    24.486 1.5972e+11
    24.499 1.6025e+11
    24.511 1.6079e+11
    24.524 1.6133e+11
    24.536 1.6187e+11
    24.548 1.6241e+11
    24.561 1.6295e+11
    24.573  1.635e+11
    24.585 1.6404e+11
    24.598 1.6459e+11
     24.61 1.6514e+11
    24.623 1.6569e+11
    24.635 1.6624e+11
    24.647 1.6679e+11
     24.66 1.6735e+11
    24.672  1.679e+11
    24.685 1.6846e+11
    24.697 1.6901e+11
    24.709 1.6957e+11
    24.722 1.7013e+11
    24.734 1.7069e+11
    24.747 1.7126e+11
    24.759 1.7182e+11
    24.771 1.7239e+11
    24.784 1.7295e+11
    24.796 1.7352e+11
    24.809 1.7409e+11
    24.821 1.7466e+11
    24.833 1.7524e+11
    24.846 1.7581e+11
    24.858 1.7638e+11
    24.871 1.7696e+11
    24.883 1.7754e+11
    24.895 1.7812e+11
    24.908  1.787e+11
     24.92 1.7928e+11
    24.933 1.7986e+11
    24.945 1.8045e+11
    24.957 1.8103e+11
     24.97 1.8162e+11
    24.982 1.8221e+11
    24.995  1.828e+11
    25.007 1.8339e+11
    25.019 1.8398e+11
    25.032 1.8458e+11
    25.044 1.8517e+11
    25.057 1.8577e+11
    25.069 1.8637e+11
    25.081 1.8697e+11
    25.094 1.8757e+11
    25.106 1.8817e+11
    25.119 1.8878e+11
    25.131 1.8938e+11
    25.143 1.8999e+11
    25.156 1.9059e+11
    25.168  1.912e+11
    25.181 1.9181e+11
    25.193 1.9243e+11
    25.205 1.9304e+11
    25.218 1.9366e+11
     25.23 1.9427e+11
    25.243 1.9489e+11
    25.255 1.9551e+11
    25.267 1.9613e+11
     25.28 1.9675e+11
    25.292 1.9738e+11
    25.305   1.98e+11
    25.317 1.9863e+11
    25.329 1.9925e+11
    25.342 1.9988e+11
    25.354 2.0052e+11
    25.367 2.0115e+11
    25.379 2.0178e+11
    25.391 2.0241e+11
    25.404 2.0305e+11
    25.416 2.0369e+11
    25.429 2.0433e+11
    25.441 2.0497e+11
    25.453 2.0561e+11
    25.466 2.0625e+11
    25.478  2.069e+11
    25.491 2.0755e+11
    25.503 2.0819e+11
    25.515 2.0884e+11
    25.528 2.0949e+11
     25.54 2.1015e+11
    25.553  2.108e+11
    25.565 2.1145e+11
    25.577 2.1211e+11
     25.59 2.1277e+11
    25.602 2.1343e+11
    25.615 2.1409e+11
    25.627 2.1475e+11
    25.639 2.1542e+11
    25.652 2.1608e+11
    25.664 2.1675e+11
    25.677 2.1742e+11
    25.689 2.1808e+11
    25.701 2.1876e+11
    25.714 2.1943e+11
    25.726  2.201e+11
    25.739 2.2078e+11
    25.751 2.2146e+11
    25.763 2.2213e+11
    25.776 2.2281e+11
    25.788  2.235e+11
    25.801 2.2418e+11
    25.813 2.2486e+11
    25.825 2.2555e+11
    25.838 2.2624e+11
     25.85 2.2693e+11
    25.863 2.2762e+11
    25.875 2.2831e+11
    25.887   2.29e+11
      25.9  2.297e+11
    25.912 2.3039e+11
    25.924 2.3109e+11
    25.937 2.3179e+11
    25.949 2.3249e+11
    25.962 2.3319e+11
    25.974  2.339e+11
    25.986  2.346e+11
    25.999 2.3531e+11
    26.011 2.3602e+11
    26.024 2.3673e+11
    26.036 2.3744e+11
    26.048 2.3815e+11
    26.061 2.3887e+11
    26.073 2.3958e+11
    26.086  2.403e+11
    26.098 2.4102e+11
     26.11 2.4174e+11
    26.123 2.4246e+11
    26.135 2.4319e+11
    26.148 2.4391e+11
     26.16 2.4464e+11
    26.172 2.4537e+11
    26.185  2.461e+11
    26.197 2.4683e+11
     26.21 2.4756e+11
    26.222 2.4829e+11
    26.234 2.4903e+11
    26.247 2.4977e+11
    26.259 2.5051e+11
    26.272 2.5125e+11
    26.284 2.5199e+11
    26.296 2.5273e+11
    26.309 2.5348e+11
    26.321 2.5423e+11
    26.334 2.5497e+11
    26.346 2.5573e+11
    26.358 2.5648e+11
    26.371 2.5723e+11
    26.383 2.5798e+11
    26.396 2.5874e+11
    26.408  2.595e+11
     26.42 2.6026e+11
    26.433 2.6102e+11
    26.445 2.6178e+11
    26.458 2.6254e+11
     26.47 2.6331e+11
    26.482 2.6408e+11
    26.495 2.6485e+11
    26.507 2.6562e+11
     26.52 2.6639e+11
    26.532 2.6716e+11
    26.544 2.6794e+11
    26.557 2.6871e+11
    26.569 2.6949e+11
    26.582 2.7027e+11
    26.594 2.7105e+11
    26.606 2.7184e+11
    26.619 2.7262e+11
    26.631 2.7341e+11
    26.644 2.7419e+11
    26.656 2.7498e+11
    26.668 2.7578e+11
    26.681 2.7657e+11
    26.693 2.7736e+11
    26.706 2.7816e+11
    26.718 2.7895e+11
     26.73 2.7975e+11
    26.743 2.8055e+11
    26.755 2.8136e+11
    26.768 2.8216e+11
     26.78 2.8297e+11
    26.792 2.8377e+11
    26.805 2.8458e+11
    26.817 2.8539e+11
     26.83  2.862e+11
    26.842 2.8702e+11
    26.854 2.8783e+11
    26.867 2.8865e+11
    26.879 2.8947e+11
    26.892 2.9029e+11
    26.904 2.9111e+11
    26.916 2.9193e+11
    26.929 2.9276e+11
    26.941 2.9359e+11
    26.954 2.9441e+11
    26.966 2.9524e+11
    26.978 2.9607e+11
    26.991 2.9691e+11
    27.003 2.9774e+11
    27.016 2.9858e+11
    27.028 2.9942e+11
     27.04 3.0026e+11
    27.053  3.011e+11
    27.065 3.0194e+11
    27.078 3.0279e+11
     27.09 3.0363e+11
    27.102 3.0448e+11
    27.115 3.0533e+11
    27.127 3.0618e+11
     27.14 3.0704e+11
    27.152 3.0789e+11
    27.164 3.0875e+11
    27.177  3.096e+11
    27.189 3.1047e+11
    27.202 3.1132e+11
    27.214 3.1219e+11
    27.226 3.1305e+11
    27.239 3.1392e+11
    27.251 3.1479e+11
    27.263 3.1566e+11
    27.276 3.1653e+11
    27.288  3.174e+11
    27.301 3.1827e+11
    27.313 3.1915e+11
    27.325 3.2003e+11
    27.338 3.2091e+11
     27.35 3.2179e+11
    27.363 3.2267e+11
    27.375 3.2356e+11
    27.387 3.2445e+11
      27.4 3.2533e+11
    27.412 3.2622e+11
    27.425 3.2712e+11
    27.437 3.2801e+11
    27.449  3.289e+11
    27.462  3.298e+11
    27.474  3.307e+11
    27.487  3.316e+11
    27.499  3.325e+11
    27.511  3.334e+11
    27.524 3.3431e+11
    27.536 3.3522e+11
    27.549 3.3612e+11
    27.561 3.3703e+11
    27.573 3.3795e+11
    27.586 3.3886e+11
    27.598 3.3978e+11
    27.611 3.4069e+11
    27.623 3.4161e+11
    27.635 3.4253e+11
    27.648 3.4346e+11
     27.66 3.4438e+11
    27.673 3.4531e+11
    27.685 3.4623e+11
    27.697 3.4716e+11
     27.71 3.4809e+11
    27.722 3.4903e+11
    27.735 3.4996e+11
    27.747  3.509e+11
    27.759 3.5183e+11
    27.772 3.5277e+11
    27.784 3.5372e+11
    27.797 3.5466e+11
    27.809  3.556e+11
    27.821 3.5655e+11
    27.834  3.575e+11
    27.846 3.5845e+11
    27.859  3.594e+11
    27.871 3.6035e+11
    27.883 3.6131e+11
    27.896 3.6227e+11
    27.908 3.6323e+11
    27.921 3.6419e+11
    27.933 3.6515e+11
    27.945 3.6611e+11
    27.958 3.6708e+11
     27.97 3.6805e+11
    27.983 3.6902e+11
    27.995 3.6999e+11
    28.007 3.7096e+11
     28.02 3.7194e+11
    28.032 3.7291e+11
    28.045 3.7389e+11
    28.057 3.7487e+11
    28.069 3.7585e+11
    28.082 3.7684e+11
    28.094 3.7782e+11
    28.107 3.7881e+11
    28.119  3.798e+11
    28.131 3.8079e+11
    28.144 3.8178e+11
    28.156 3.8278e+11
    28.169 3.8377e+11
    28.181 3.8477e+11
    28.193 3.8577e+11
    28.206 3.8677e+11
    28.218 3.8777e+11
    28.231 3.8878e+11
    28.243 3.8979e+11
    28.255 3.9079e+11
    28.268 3.9181e+11
     28.28 3.9282e+11
    28.293 3.9383e+11
    28.305 3.9485e+11
    28.317 3.9586e+11
     28.33 3.9688e+11
    28.342 3.9791e+11
    28.355 3.9893e+11
    28.367 3.9995e+11
    28.379 4.0098e+11
    28.392 4.0201e+11
    28.404 4.0304e+11
    28.417 4.0407e+11
    28.429  4.051e+11
    28.441 4.0614e+11
    28.454 4.0718e+11
    28.466 4.0822e+11
    28.479 4.0926e+11
    28.491  4.103e+11
    28.503 4.1134e+11
    28.516 4.1239e+11
    28.528 4.1344e+11
    28.541 4.1449e+11
    28.553 4.1554e+11
    28.565  4.166e+11
    28.578 4.1765e+11
     28.59 4.1871e+11
    28.602 4.1977e+11
    28.615 4.2083e+11
    28.627 4.2189e+11
     28.64 4.2296e+11
    28.652 4.2403e+11
    28.664 4.2509e+11
    28.677 4.2617e+11
    28.689 4.2724e+11
    28.702 4.2831e+11
    28.714 4.2939e+11
    28.726 4.3047e+11
    28.739 4.3155e+11
    28.751 4.3263e+11
    28.764 4.3371e+11
    28.776  4.348e+11
    28.788 4.3588e+11
    28.801 4.3697e+11
    28.813 4.3806e+11
    28.826 4.3916e+11
    28.838 4.4025e+11
     28.85 4.4135e+11
    28.863 4.4244e+11
    28.875 4.4355e+11
    28.888 4.4465e+11
      28.9 4.4575e+11
    28.912 4.4686e+11
    28.925 4.4797e+11
    28.937 4.4907e+11
     28.95 4.5019e+11
    28.962  4.513e+11
    28.974 4.5242e+11
    28.987 4.5353e+11
    28.999 4.5465e+11
    29.012 4.5577e+11
    29.024 4.5689e+11
    29.036 4.5802e+11
    29.049 4.5915e+11
    29.061 4.6027e+11
    29.074  4.614e+11
    29.086 4.6254e+11
    29.098 4.6367e+11
    29.111 4.6481e+11
    29.123 4.6594e+11
    29.136 4.6708e+11
    29.148 4.6823e+11
     29.16 4.6937e+11
    29.173 4.7052e+11
    29.185 4.7166e+11
    29.198 4.7281e+11
     29.21 4.7396e+11
    29.222 4.7512e+11
    29.235 4.7627e+11
    29.247 4.7742e+11
     29.26 4.7859e+11
    29.272 4.7975e+11
    29.284 4.8091e+11
    29.297 4.8207e+11
    29.309 4.8324e+11
    29.322 4.8441e+11
    29.334 4.8558e+11
    29.346 4.8675e+11
    29.359 4.8792e+11
    29.371  4.891e+11
    29.384 4.9028e+11
    29.396 4.9146e+11
    29.408 4.9264e+11
    29.421 4.9382e+11
    29.433 4.9501e+11
    29.446  4.962e+11
    29.458 4.9739e+11
     29.47 4.9857e+11
    29.483 4.9977e+11
    29.495 5.0097e+11
    29.508 5.0216e+11
     29.52 5.0336e+11
    29.532 5.0456e+11
    29.545 5.0577e+11
    29.557 5.0697e+11
     29.57 5.0818e+11
    29.582 5.0938e+11
    29.594  5.106e+11
    29.607 5.1181e+11
    29.619 5.1302e+11
    29.632 5.1424e+11
    29.644 5.1546e+11
    29.656 5.1668e+11
    29.669  5.179e+11
    29.681 5.1913e+11
    29.694 5.2035e+11
    29.706 5.2158e+11
    29.718 5.2281e+11
    29.731 5.2404e+11
    29.743 5.2528e+11
    29.756 5.2651e+11
    29.768 5.2775e+11
     29.78 5.2899e+11
    29.793 5.3023e+11
    29.805 5.3148e+11
    29.818 5.3272e+11
     29.83 5.3397e+11
    29.842 5.3522e+11
    29.855 5.3647e+11
    29.867 5.3773e+11
     29.88 5.3898e+11
    29.892 5.4024e+11
    29.904  5.415e+11
    29.917 5.4276e+11
    29.929 5.4403e+11
    29.941 5.4529e+11
    29.954 5.4656e+11
    29.966 5.4783e+11
    29.979  5.491e+11
    29.991 5.5037e+11
    30.003 5.5165e+11
