RRKM rate, sf=0.970, S*=9.59, E0=2.41 and Delta=2.41
   En (eV)    k (s-1)
         0          0
  0.012398          0
  0.024796          0
  0.037194          0
  0.049593          0
  0.061991          0
  0.074389          0
  0.086787          0
  0.099185          0
   0.11158          0
   0.12398          0
   0.13638          0
   0.14878          0
   0.16118          0
   0.17357          0
   0.18597          0
   0.19837          0
   0.21077          0
   0.22317          0
   0.23556          0
   0.24796          0
   0.26036          0
   0.27276          0
   0.28516          0
   0.29756          0
   0.30995          0
   0.32235          0
   0.33475          0
   0.34715          0
   0.35955          0
   0.37194          0
   0.38434          0
   0.39674          0
   0.40914          0
   0.42154          0
   0.43393          0
   0.44633          0
   0.45873          0
   0.47113          0
   0.48353          0
   0.49593          0
   0.50832          0
   0.52072          0
   0.53312          0
   0.54552          0
   0.55792          0
   0.57031          0
   0.58271          0
   0.59511          0
   0.60751          0
   0.61991          0
    0.6323          0
    0.6447          0
    0.6571          0
    0.6695          0
    0.6819          0
    0.6943          0
   0.70669          0
   0.71909          0
   0.73149          0
   0.74389          0
   0.75629          0
   0.76868          0
   0.78108          0
   0.79348          0
   0.80588          0
   0.81828          0
   0.83067          0
   0.84307          0
   0.85547          0
   0.86787          0
   0.88027          0
   0.89267          0
   0.90506          0
   0.91746          0
   0.92986          0
   0.94226          0
   0.95466          0
   0.96705          0
   0.97945          0
   0.99185          0
    1.0042          0
    1.0166          0
     1.029          0
    1.0414          0
    1.0538          0
    1.0662          0
    1.0786          0
     1.091          0
    1.1034          0
    1.1158          0
    1.1282          0
    1.1406          0
     1.153          0
    1.1654          0
    1.1778          0
    1.1902          0
    1.2026          0
     1.215          0
    1.2274          0
    1.2398          0
    1.2522          0
    1.2646          0
     1.277          0
    1.2894          0
    1.3018          0
    1.3142          0
    1.3266          0
     1.339          0
    1.3514          0
    1.3638          0
    1.3762          0
    1.3886          0
     1.401          0
    1.4134          0
    1.4258          0
    1.4382          0
    1.4506          0
     1.463          0
    1.4754          0
    1.4878          0
    1.5002          0
    1.5126          0
     1.525          0
    1.5374          0
    1.5498          0
    1.5622          0
    1.5746          0
     1.587          0
    1.5994          0
    1.6118          0
    1.6242          0
    1.6366          0
     1.649          0
    1.6613          0
    1.6737          0
    1.6861          0
    1.6985          0
    1.7109          0
    1.7233          0
    1.7357          0
    1.7481          0
    1.7605          0
    1.7729          0
    1.7853          0
    1.7977          0
    1.8101          0
    1.8225          0
    1.8349          0
    1.8473          0
    1.8597          0
    1.8721          0
    1.8845          0
    1.8969          0
    1.9093          0
    1.9217          0
    1.9341          0
    1.9465          0
    1.9589          0
    1.9713          0
    1.9837          0
    1.9961          0
    2.0085          0
    2.0209          0
    2.0333          0
    2.0457          0
    2.0581          0
    2.0705          0
    2.0829          0
    2.0953          0
    2.1077          0
    2.1201          0
    2.1325          0
    2.1449          0
    2.1573          0
    2.1697          0
    2.1821          0
    2.1945          0
    2.2069          0
    2.2193          0
    2.2317          0
    2.2441          0
    2.2565          0
    2.2689          0
    2.2813          0
    2.2937          0
    2.3061          0
    2.3185          0
    2.3308          0
    2.3432          0
    2.3556          0
     2.368          0
    2.3804          0
    2.3928          0
    2.4052          0
    2.4176 3.9196e-10
      2.43 1.0162e-09
    2.4424 2.9287e-09
    2.4548 6.3328e-09
    2.4672 1.2713e-08
    2.4796 2.4097e-08
     2.492 4.2558e-08
    2.5044  7.303e-08
    2.5168 1.2005e-07
    2.5292 1.9277e-07
    2.5416 3.0111e-07
     2.554 4.6105e-07
    2.5664 6.9224e-07
    2.5788 1.0219e-06
    2.5912 1.4863e-06
    2.6036 2.1315e-06
     2.616 3.0194e-06
    2.6284 4.2275e-06
    2.6408 5.8574e-06
    2.6532 8.0356e-06
    2.6656 1.0925e-05
     2.678 1.4725e-05
    2.6904 1.9692e-05
    2.7028 2.6136e-05
    2.7152 3.4447e-05
    2.7276   4.51e-05
      2.74 5.8678e-05
    2.7524 7.5889e-05
    2.7648 9.7597e-05
    2.7772 0.00012484
    2.7896 0.00015887
     2.802 0.00020119
    2.8144  0.0002536
    2.8268 0.00031823
    2.8392 0.00039763
    2.8516 0.00049479
     2.864 0.00061327
    2.8764 0.00075724
    2.8888 0.00093159
    2.9012  0.0011421
    2.9136  0.0013953
     2.926  0.0016992
    2.9384  0.0020627
    2.9508  0.0024962
    2.9632  0.0030121
    2.9756   0.003624
     2.988  0.0043482
    3.0003  0.0052032
    3.0127    0.00621
    3.0251  0.0073928
    3.0375  0.0087794
    3.0499   0.010401
    3.0623   0.012294
    3.0747   0.014498
    3.0871    0.01706
    3.0995   0.020032
    3.1119   0.023472
    3.1243   0.027448
    3.1367   0.032034
    3.1491   0.037313
    3.1615   0.043381
    3.1739   0.050344
    3.1863   0.058319
    3.1987   0.067439
    3.2111   0.077852
    3.2235   0.089723
    3.2359    0.10324
    3.2483    0.11859
    3.2607    0.13602
    3.2731    0.15578
    3.2855    0.17813
    3.2979     0.2034
    3.3103    0.23191
    3.3227    0.26406
    3.3351    0.30024
    3.3475    0.34092
    3.3599    0.38661
    3.3723    0.43785
    3.3847    0.49525
    3.3971    0.55947
    3.4095    0.63126
    3.4219    0.71141
    3.4343    0.80078
    3.4467    0.90035
    3.4591     1.0111
    3.4715     1.1343
    3.4839     1.2711
    3.4963     1.4228
    3.5087      1.591
    3.5211     1.7772
    3.5335     1.9832
    3.5459     2.2109
    3.5583     2.4622
    3.5707     2.7395
    3.5831     3.0451
    3.5955     3.3816
    3.6079     3.7519
    3.6203     4.1589
    3.6327     4.6059
    3.6451     5.0965
    3.6574     5.6346
    3.6698     6.2241
    3.6822     6.8695
    3.6946     7.5757
     3.707     8.3476
    3.7194     9.1908
    3.7318     10.111
    3.7442     11.115
    3.7566      12.21
     3.769     13.401
    3.7814     14.699
    3.7938      16.11
    3.8062     17.644
    3.8186      19.31
     3.831     21.119
    3.8434     23.081
    3.8558     25.209
    3.8682     27.513
    3.8806     30.009
     3.893      32.71
    3.9054      35.63
    3.9178     38.787
    3.9302     42.197
    3.9426     45.878
     3.955      49.85
    3.9674     54.133
    3.9798     58.749
    3.9922     63.721
    4.0046     69.074
     4.017     74.833
    4.0294     81.027
    4.0418     87.684
    4.0542     94.836
    4.0666     102.51
     4.079     110.76
    4.0914      119.6
    4.1038     129.07
    4.1162     139.23
    4.1286     150.11
     4.141     161.75
    4.1534     174.22
    4.1658     187.55
    4.1782      201.8
    4.1906     217.03
     4.203     233.29
    4.2154     250.66
    4.2278      269.2
    4.2402     288.97
    4.2526     310.05
     4.265     332.52
    4.2774     356.46
    4.2898     381.95
    4.3022     409.09
    4.3146     437.97
    4.3269     468.69
    4.3393     501.35
    4.3517     536.06
    4.3641     572.94
    4.3765      612.1
    4.3889     653.68
    4.4013      697.8
    4.4137      744.6
    4.4261     794.23
    4.4385     846.85
    4.4509      902.6
    4.4633     961.66
    4.4757     1024.2
    4.4881     1090.4
    4.5005     1160.4
    4.5129     1234.5
    4.5253     1312.9
    4.5377     1395.7
    4.5501     1483.3
    4.5625     1575.7
    4.5749     1673.4
    4.5873     1776.5
    4.5997     1885.3
    4.6121     2000.1
    4.6245     2121.2
    4.6369     2248.9
    4.6493     2383.5
    4.6617     2525.3
    4.6741     2674.7
    4.6865     2832.1
    4.6989     2997.7
    4.7113     3172.1
    4.7237     3355.6
    4.7361     3548.6
    4.7485     3751.5
    4.7609     3964.9
    4.7733     4189.2
    4.7857     4424.9
    4.7981     4672.4
    4.8105     4932.4
    4.8229     5205.4
    4.8353     5491.9
    4.8477     5792.5
    4.8601       6108
    4.8725     6438.8
    4.8849     6785.6
    4.8973     7149.2
    4.9097     7530.3
    4.9221     7929.5
    4.9345     8347.8
    4.9469     8785.7
    4.9593     9244.3
    4.9717     9724.3
     4.984      10227
    4.9964      10752
    5.0088      11302
    5.0212      11877
    5.0336      12478
     5.046      13106
    5.0584      13762
    5.0708      14448
    5.0832      15165
    5.0956      15913
     5.108      16694
    5.1204      17510
    5.1328      18361
    5.1452      19249
    5.1576      20176
      5.17      21142
    5.1824      22150
    5.1948      23201
    5.2072      24296
    5.2196      25437
     5.232      26626
    5.2444      27865
    5.2568      29155
    5.2692      30498
    5.2816      31897
     5.294      33353
    5.3064      34868
    5.3188      36445
    5.3312      38085
    5.3436      39791
     5.356      41565
    5.3684      43409
    5.3808      45327
    5.3932      47320
    5.4056      49391
     5.418      51542
    5.4304      53777
    5.4428      56099
    5.4552      58510
    5.4676      61013
      5.48      63611
    5.4924      66307
    5.5048      69106
    5.5172      72010
    5.5296      75021
     5.542      78145
    5.5544      81385
    5.5668      84744
    5.5792      88226
    5.5916      91836
     5.604      95576
    5.6164      99453
    5.6288 1.0347e+05
    5.6412 1.0763e+05
    5.6535 1.1194e+05
    5.6659  1.164e+05
    5.6783 1.2102e+05
    5.6907  1.258e+05
    5.7031 1.3075e+05
    5.7155 1.3587e+05
    5.7279 1.4117e+05
    5.7403 1.4666e+05
    5.7527 1.5233e+05
    5.7651  1.582e+05
    5.7775 1.6427e+05
    5.7899 1.7054e+05
    5.8023 1.7703e+05
    5.8147 1.8374e+05
    5.8271 1.9067e+05
    5.8395 1.9783e+05
    5.8519 2.0523e+05
    5.8643 2.1288e+05
    5.8767 2.2078e+05
    5.8891 2.2893e+05
    5.9015 2.3736e+05
    5.9139 2.4606e+05
    5.9263 2.5504e+05
    5.9387 2.6431e+05
    5.9511 2.7388e+05
    5.9635 2.8376e+05
    5.9759 2.9395e+05
    5.9883 3.0447e+05
    6.0007 3.1532e+05
    6.0131 3.2651e+05
    6.0255 3.3805e+05
    6.0379 3.4995e+05
    6.0503 3.6223e+05
    6.0627 3.7488e+05
    6.0751 3.8792e+05
    6.0875 4.0137e+05
    6.0999 4.1522e+05
    6.1123  4.295e+05
    6.1247 4.4421e+05
    6.1371 4.5937e+05
    6.1495 4.7498e+05
    6.1619 4.9106e+05
    6.1743 5.0763e+05
    6.1867 5.2468e+05
    6.1991 5.4224e+05
    6.2115 5.6032e+05
    6.2239 5.7893e+05
    6.2363 5.9808e+05
    6.2487  6.178e+05
    6.2611 6.3809e+05
    6.2735 6.5896e+05
    6.2859 6.8044e+05
    6.2983 7.0253e+05
    6.3107 7.2525e+05
     6.323 7.4862e+05
    6.3354 7.7266e+05
    6.3478 7.9737e+05
    6.3602 8.2279e+05
    6.3726 8.4891e+05
     6.385 8.7576e+05
    6.3974 9.0336e+05
    6.4098 9.3173e+05
    6.4222 9.6088e+05
    6.4346 9.9083e+05
     6.447 1.0216e+06
    6.4594 1.0532e+06
    6.4718 1.0857e+06
    6.4842  1.119e+06
    6.4966 1.1533e+06
     6.509 1.1885e+06
    6.5214 1.2246e+06
    6.5338 1.2617e+06
    6.5462 1.2997e+06
    6.5586 1.3388e+06
     6.571 1.3789e+06
    6.5834 1.4201e+06
    6.5958 1.4623e+06
    6.6082 1.5057e+06
    6.6206 1.5501e+06
     6.633 1.5958e+06
    6.6454 1.6426e+06
    6.6578 1.6906e+06
    6.6702 1.7398e+06
    6.6826 1.7903e+06
     6.695 1.8421e+06
    6.7074 1.8952e+06
    6.7198 1.9496e+06
    6.7322 2.0054e+06
    6.7446 2.0626e+06
     6.757 2.1212e+06
    6.7694 2.1813e+06
    6.7818 2.2429e+06
    6.7942  2.306e+06
    6.8066 2.3707e+06
     6.819 2.4369e+06
    6.8314 2.5048e+06
    6.8438 2.5743e+06
    6.8562 2.6455e+06
    6.8686 2.7184e+06
     6.881 2.7931e+06
    6.8934 2.8696e+06
    6.9058 2.9479e+06
    6.9182 3.0281e+06
    6.9306 3.1102e+06
     6.943 3.1942e+06
    6.9554 3.2802e+06
    6.9678 3.3683e+06
    6.9801 3.4584e+06
    6.9925 3.5506e+06
    7.0049 3.6449e+06
    7.0173 3.7415e+06
    7.0297 3.8403e+06
    7.0421 3.9413e+06
    7.0545 4.0447e+06
    7.0669 4.1504e+06
    7.0793 4.2586e+06
    7.0917 4.3692e+06
    7.1041 4.4823e+06
    7.1165  4.598e+06
    7.1289 4.7162e+06
    7.1413 4.8372e+06
    7.1537 4.9608e+06
    7.1661 5.0872e+06
    7.1785 5.2163e+06
    7.1909 5.3484e+06
    7.2033 5.4833e+06
    7.2157 5.6213e+06
    7.2281 5.7622e+06
    7.2405 5.9062e+06
    7.2529 6.0533e+06
    7.2653 6.2037e+06
    7.2777 6.3573e+06
    7.2901 6.5142e+06
    7.3025 6.6744e+06
    7.3149 6.8381e+06
    7.3273 7.0053e+06
    7.3397  7.176e+06
    7.3521 7.3504e+06
    7.3645 7.5284e+06
    7.3769 7.7102e+06
    7.3893 7.8958e+06
    7.4017 8.0853e+06
    7.4141 8.2787e+06
    7.4265 8.4762e+06
    7.4389 8.6777e+06
    7.4513 8.8834e+06
    7.4637 9.0933e+06
    7.4761 9.3076e+06
    7.4885 9.5262e+06
    7.5009 9.7492e+06
    7.5133 9.9769e+06
    7.5257 1.0209e+07
    7.5381 1.0446e+07
    7.5505 1.0688e+07
    7.5629 1.0934e+07
    7.5753 1.1186e+07
    7.5877 1.1442e+07
    7.6001 1.1704e+07
    7.6125  1.197e+07
    7.6249 1.2242e+07
    7.6373  1.252e+07
    7.6496 1.2803e+07
     7.662 1.3091e+07
    7.6744 1.3385e+07
    7.6868 1.3684e+07
    7.6992  1.399e+07
    7.7116 1.4301e+07
     7.724 1.4619e+07
    7.7364 1.4942e+07
    7.7488 1.5272e+07
    7.7612 1.5608e+07
    7.7736  1.595e+07
     7.786 1.6299e+07
    7.7984 1.6654e+07
    7.8108 1.7016e+07
    7.8232 1.7385e+07
    7.8356 1.7761e+07
     7.848 1.8144e+07
    7.8604 1.8534e+07
    7.8728 1.8931e+07
    7.8852 1.9336e+07
    7.8976 1.9748e+07
      7.91 2.0167e+07
    7.9224 2.0595e+07
    7.9348  2.103e+07
    7.9472 2.1473e+07
    7.9596 2.1924e+07
     7.972 2.2383e+07
    7.9844 2.2851e+07
    7.9968 2.3327e+07
    8.0092 2.3811e+07
    8.0216 2.4304e+07
     8.034 2.4806e+07
    8.0464 2.5317e+07
    8.0588 2.5837e+07
    8.0712 2.6366e+07
    8.0836 2.6905e+07
     8.096 2.7453e+07
    8.1084  2.801e+07
    8.1208 2.8578e+07
    8.1332 2.9155e+07
    8.1456 2.9742e+07
     8.158  3.034e+07
    8.1704 3.0948e+07
    8.1828 3.1566e+07
    8.1952 3.2195e+07
    8.2076 3.2834e+07
      8.22 3.3485e+07
    8.2324 3.4146e+07
    8.2448 3.4819e+07
    8.2572 3.5504e+07
    8.2696 3.6199e+07
     8.282 3.6907e+07
    8.2944 3.7626e+07
    8.3067 3.8358e+07
    8.3191 3.9102e+07
    8.3315 3.9858e+07
    8.3439 4.0626e+07
    8.3563 4.1407e+07
    8.3687 4.2202e+07
    8.3811 4.3009e+07
    8.3935 4.3829e+07
    8.4059 4.4663e+07
    8.4183 4.5511e+07
    8.4307 4.6372e+07
    8.4431 4.7248e+07
    8.4555 4.8137e+07
    8.4679 4.9041e+07
    8.4803 4.9959e+07
    8.4927 5.0892e+07
    8.5051  5.184e+07
    8.5175 5.2803e+07
    8.5299 5.3782e+07
    8.5423 5.4776e+07
    8.5547 5.5785e+07
    8.5671 5.6811e+07
    8.5795 5.7853e+07
    8.5919 5.8911e+07
    8.6043 5.9986e+07
    8.6167 6.1077e+07
    8.6291 6.2185e+07
    8.6415 6.3311e+07
    8.6539 6.4454e+07
    8.6663 6.5614e+07
    8.6787 6.6793e+07
    8.6911 6.7989e+07
    8.7035 6.9205e+07
    8.7159 7.0438e+07
    8.7283  7.169e+07
    8.7407 7.2961e+07
    8.7531 7.4252e+07
    8.7655 7.5562e+07
    8.7779 7.6891e+07
    8.7903 7.8241e+07
    8.8027 7.9611e+07
    8.8151 8.1001e+07
    8.8275 8.2412e+07
    8.8399 8.3844e+07
    8.8523 8.5298e+07
    8.8647 8.6772e+07
    8.8771 8.8268e+07
    8.8895 8.9787e+07
    8.9019 9.1327e+07
    8.9143 9.2891e+07
    8.9267 9.4476e+07
    8.9391 9.6085e+07
    8.9515 9.7718e+07
    8.9639 9.9374e+07
    8.9762 1.0105e+08
    8.9886 1.0276e+08
     9.001 1.0449e+08
    9.0134 1.0624e+08
    9.0258 1.0802e+08
    9.0382 1.0982e+08
    9.0506 1.1165e+08
     9.063  1.135e+08
    9.0754 1.1539e+08
    9.0878 1.1729e+08
    9.1002 1.1923e+08
    9.1126 1.2119e+08
     9.125 1.2318e+08
    9.1374  1.252e+08
    9.1498 1.2724e+08
    9.1622 1.2931e+08
    9.1746 1.3141e+08
     9.187 1.3355e+08
    9.1994 1.3571e+08
    9.2118  1.379e+08
    9.2242 1.4012e+08
    9.2366 1.4237e+08
     9.249 1.4465e+08
    9.2614 1.4696e+08
    9.2738  1.493e+08
    9.2862 1.5168e+08
    9.2986 1.5408e+08
     9.311 1.5652e+08
    9.3234 1.5899e+08
    9.3358  1.615e+08
    9.3482 1.6404e+08
    9.3606 1.6661e+08
     9.373 1.6921e+08
    9.3854 1.7186e+08
    9.3978 1.7453e+08
    9.4102 1.7724e+08
    9.4226 1.7999e+08
     9.435 1.8277e+08
    9.4474 1.8559e+08
    9.4598 1.8845e+08
    9.4722 1.9134e+08
    9.4846 1.9427e+08
     9.497 1.9724e+08
    9.5094 2.0024e+08
    9.5218 2.0329e+08
    9.5342 2.0637e+08
    9.5466  2.095e+08
     9.559 2.1266e+08
    9.5714 2.1587e+08
    9.5838 2.1911e+08
    9.5962  2.224e+08
    9.6086 2.2573e+08
     9.621  2.291e+08
    9.6333 2.3251e+08
    9.6457 2.3596e+08
    9.6581 2.3946e+08
    9.6705   2.43e+08
    9.6829 2.4659e+08
    9.6953 2.5022e+08
    9.7077  2.539e+08
    9.7201 2.5762e+08
    9.7325 2.6139e+08
    9.7449  2.652e+08
    9.7573 2.6906e+08
    9.7697 2.7297e+08
    9.7821 2.7693e+08
    9.7945 2.8093e+08
    9.8069 2.8498e+08
    9.8193 2.8909e+08
    9.8317 2.9324e+08
    9.8441 2.9744e+08
    9.8565 3.0169e+08
    9.8689   3.06e+08
    9.8813 3.1035e+08
    9.8937 3.1476e+08
    9.9061 3.1922e+08
    9.9185 3.2374e+08
    9.9309  3.283e+08
    9.9433 3.3292e+08
    9.9557  3.376e+08
    9.9681 3.4233e+08
    9.9805 3.4712e+08
    9.9929 3.5196e+08
    10.005 3.5686e+08
    10.018 3.6182e+08
     10.03 3.6684e+08
    10.042 3.7191e+08
    10.055 3.7704e+08
    10.067 3.8223e+08
     10.08 3.8748e+08
    10.092  3.928e+08
    10.104 3.9817e+08
    10.117  4.036e+08
    10.129  4.091e+08
    10.142 4.1466e+08
    10.154 4.2028e+08
    10.166 4.2597e+08
    10.179 4.3172e+08
    10.191 4.3754e+08
    10.204 4.4342e+08
    10.216 4.4937e+08
    10.228 4.5538e+08
    10.241 4.6147e+08
    10.253 4.6762e+08
    10.266 4.7384e+08
    10.278 4.8013e+08
     10.29 4.8648e+08
    10.303 4.9291e+08
    10.315 4.9941e+08
    10.328 5.0598e+08
     10.34 5.1263e+08
    10.352 5.1934e+08
    10.365 5.2613e+08
    10.377   5.33e+08
     10.39 5.3994e+08
    10.402 5.4695e+08
    10.414 5.5404e+08
    10.427 5.6121e+08
    10.439 5.6845e+08
    10.452 5.7577e+08
    10.464 5.8318e+08
    10.476 5.9066e+08
    10.489 5.9822e+08
    10.501 6.0586e+08
    10.514 6.1358e+08
    10.526 6.2139e+08
    10.538 6.2927e+08
    10.551 6.3725e+08
    10.563  6.453e+08
    10.576 6.5344e+08
    10.588 6.6167e+08
      10.6 6.6998e+08
    10.613 6.7838e+08
    10.625 6.8686e+08
    10.638 6.9544e+08
     10.65  7.041e+08
    10.662 7.1286e+08
    10.675  7.217e+08
    10.687 7.3064e+08
      10.7 7.3967e+08
    10.712 7.4879e+08
    10.724   7.58e+08
    10.737 7.6731e+08
    10.749 7.7672e+08
    10.762 7.8621e+08
    10.774 7.9581e+08
    10.786  8.055e+08
    10.799 8.1529e+08
    10.811 8.2518e+08
    10.824 8.3517e+08
    10.836 8.4526e+08
    10.848 8.5546e+08
    10.861 8.6575e+08
    10.873 8.7614e+08
    10.886 8.8664e+08
    10.898 8.9725e+08
     10.91 9.0796e+08
    10.923 9.1878e+08
    10.935 9.2969e+08
    10.948 9.4073e+08
     10.96 9.5186e+08
    10.972 9.6311e+08
    10.985 9.7447e+08
    10.997 9.8594e+08
     11.01 9.9752e+08
    11.022 1.0092e+09
    11.034  1.021e+09
    11.047 1.0329e+09
    11.059  1.045e+09
    11.072 1.0571e+09
    11.084 1.0694e+09
    11.096 1.0818e+09
    11.109 1.0943e+09
    11.121 1.1069e+09
    11.134 1.1197e+09
    11.146 1.1325e+09
    11.158 1.1455e+09
    11.171 1.1586e+09
    11.183 1.1719e+09
    11.196 1.1852e+09
    11.208 1.1987e+09
     11.22 1.2123e+09
    11.233 1.2261e+09
    11.245 1.2399e+09
    11.258 1.2539e+09
     11.27 1.2681e+09
    11.282 1.2823e+09
    11.295 1.2967e+09
    11.307 1.3113e+09
    11.319 1.3259e+09
    11.332 1.3407e+09
    11.344 1.3557e+09
    11.357 1.3707e+09
    11.369 1.3859e+09
    11.381 1.4013e+09
    11.394 1.4168e+09
    11.406 1.4324e+09
    11.419 1.4482e+09
    11.431 1.4641e+09
    11.443 1.4801e+09
    11.456 1.4963e+09
    11.468 1.5127e+09
    11.481 1.5292e+09
    11.493 1.5458e+09
    11.505 1.5626e+09
    11.518 1.5796e+09
     11.53 1.5967e+09
    11.543 1.6139e+09
    11.555 1.6313e+09
    11.567 1.6489e+09
     11.58 1.6666e+09
    11.592 1.6844e+09
    11.605 1.7025e+09
    11.617 1.7207e+09
    11.629  1.739e+09
    11.642 1.7575e+09
    11.654 1.7762e+09
    11.667  1.795e+09
    11.679  1.814e+09
    11.691 1.8331e+09
    11.704 1.8524e+09
    11.716 1.8719e+09
    11.729 1.8916e+09
    11.741 1.9114e+09
    11.753 1.9314e+09
    11.766 1.9516e+09
    11.778 1.9719e+09
    11.791 1.9924e+09
    11.803 2.0131e+09
    11.815  2.034e+09
    11.828  2.055e+09
     11.84 2.0762e+09
    11.853 2.0976e+09
    11.865 2.1192e+09
    11.877  2.141e+09
     11.89 2.1629e+09
    11.902  2.185e+09
    11.915 2.2074e+09
    11.927 2.2299e+09
    11.939 2.2526e+09
    11.952 2.2754e+09
    11.964 2.2985e+09
    11.977 2.3218e+09
    11.989 2.3452e+09
    12.001 2.3689e+09
    12.014 2.3927e+09
    12.026 2.4167e+09
    12.039 2.4409e+09
    12.051 2.4654e+09
    12.063   2.49e+09
    12.076 2.5148e+09
    12.088 2.5399e+09
    12.101 2.5651e+09
    12.113 2.5906e+09
    12.125 2.6162e+09
    12.138  2.642e+09
     12.15 2.6681e+09
    12.163 2.6944e+09
    12.175 2.7209e+09
    12.187 2.7476e+09
      12.2 2.7745e+09
    12.212 2.8016e+09
    12.225 2.8289e+09
    12.237 2.8565e+09
    12.249 2.8842e+09
    12.262 2.9123e+09
    12.274 2.9405e+09
    12.287 2.9689e+09
    12.299 2.9976e+09
    12.311 3.0265e+09
    12.324 3.0556e+09
    12.336 3.0849e+09
    12.349 3.1145e+09
    12.361 3.1443e+09
    12.373 3.1743e+09
    12.386 3.2046e+09
    12.398 3.2351e+09
    12.411 3.2658e+09
    12.423 3.2968e+09
    12.435  3.328e+09
    12.448 3.3595e+09
     12.46 3.3912e+09
    12.473 3.4231e+09
    12.485 3.4553e+09
    12.497 3.4877e+09
     12.51 3.5204e+09
    12.522 3.5533e+09
    12.535 3.5865e+09
    12.547 3.6199e+09
    12.559 3.6536e+09
    12.572 3.6875e+09
    12.584 3.7217e+09
    12.597 3.7561e+09
    12.609 3.7908e+09
    12.621 3.8258e+09
    12.634  3.861e+09
    12.646 3.8965e+09
    12.658 3.9322e+09
    12.671 3.9683e+09
    12.683 4.0045e+09
    12.696 4.0411e+09
    12.708 4.0779e+09
     12.72  4.115e+09
    12.733 4.1524e+09
    12.745   4.19e+09
    12.758 4.2279e+09
     12.77 4.2661e+09
    12.782 4.3046e+09
    12.795 4.3433e+09
    12.807 4.3824e+09
     12.82 4.4217e+09
    12.832 4.4613e+09
    12.844 4.5012e+09
    12.857 4.5413e+09
    12.869 4.5818e+09
    12.882 4.6226e+09
    12.894 4.6636e+09
    12.906  4.705e+09
    12.919 4.7466e+09
    12.931 4.7885e+09
    12.944 4.8308e+09
    12.956 4.8733e+09
    12.968 4.9161e+09
    12.981 4.9593e+09
    12.993 5.0027e+09
    13.006 5.0465e+09
    13.018 5.0905e+09
     13.03 5.1349e+09
    13.043 5.1796e+09
    13.055 5.2246e+09
    13.068 5.2699e+09
     13.08 5.3155e+09
    13.092 5.3615e+09
    13.105 5.4078e+09
    13.117 5.4543e+09
     13.13 5.5013e+09
    13.142 5.5485e+09
    13.154  5.596e+09
    13.167 5.6439e+09
    13.179 5.6921e+09
    13.192 5.7407e+09
    13.204 5.7896e+09
    13.216 5.8388e+09
    13.229 5.8883e+09
    13.241 5.9382e+09
    13.254 5.9885e+09
    13.266  6.039e+09
    13.278   6.09e+09
    13.291 6.1412e+09
    13.303 6.1928e+09
    13.316 6.2448e+09
    13.328 6.2971e+09
     13.34 6.3497e+09
    13.353 6.4027e+09
    13.365 6.4561e+09
    13.378 6.5098e+09
     13.39 6.5639e+09
    13.402 6.6183e+09
    13.415 6.6731e+09
    13.427 6.7283e+09
     13.44 6.7838e+09
    13.452 6.8397e+09
    13.464  6.896e+09
    13.477 6.9526e+09
    13.489 7.0096e+09
    13.502  7.067e+09
    13.514 7.1248e+09
    13.526 7.1829e+09
    13.539 7.2414e+09
    13.551 7.3003e+09
    13.564 7.3596e+09
    13.576 7.4192e+09
    13.588 7.4793e+09
    13.601 7.5397e+09
    13.613 7.6005e+09
    13.626 7.6618e+09
    13.638 7.7234e+09
     13.65 7.7854e+09
    13.663 7.8478e+09
    13.675 7.9106e+09
    13.688 7.9738e+09
      13.7 8.0374e+09
    13.712 8.1014e+09
    13.725 8.1659e+09
    13.737 8.2307e+09
     13.75  8.296e+09
    13.762 8.3616e+09
    13.774 8.4277e+09
    13.787 8.4941e+09
    13.799 8.5611e+09
    13.812 8.6284e+09
    13.824 8.6961e+09
    13.836 8.7643e+09
    13.849 8.8329e+09
    13.861  8.902e+09
    13.874 8.9714e+09
    13.886 9.0413e+09
    13.898 9.1116e+09
    13.911 9.1823e+09
    13.923 9.2536e+09
    13.936 9.3252e+09
    13.948 9.3972e+09
     13.96 9.4698e+09
    13.973 9.5427e+09
    13.985 9.6161e+09
    13.997   9.69e+09
     14.01 9.7643e+09
    14.022  9.839e+09
    14.035 9.9142e+09
    14.047 9.9899e+09
    14.059 1.0066e+10
    14.072 1.0143e+10
    14.084  1.022e+10
    14.097 1.0297e+10
    14.109 1.0375e+10
    14.121 1.0454e+10
    14.134 1.0533e+10
    14.146 1.0612e+10
    14.159 1.0692e+10
    14.171 1.0772e+10
    14.183 1.0853e+10
    14.196 1.0934e+10
    14.208 1.1016e+10
    14.221 1.1098e+10
    14.233 1.1181e+10
    14.245 1.1264e+10
    14.258 1.1348e+10
     14.27 1.1432e+10
    14.283 1.1517e+10
    14.295 1.1602e+10
    14.307 1.1688e+10
     14.32 1.1774e+10
    14.332 1.1861e+10
    14.345 1.1948e+10
    14.357 1.2036e+10
    14.369 1.2124e+10
    14.382 1.2213e+10
    14.394 1.2302e+10
    14.407 1.2392e+10
    14.419 1.2482e+10
    14.431 1.2573e+10
    14.444 1.2664e+10
    14.456 1.2756e+10
    14.469 1.2849e+10
    14.481 1.2942e+10
    14.493 1.3035e+10
    14.506 1.3129e+10
    14.518 1.3224e+10
    14.531 1.3319e+10
    14.543 1.3414e+10
    14.555  1.351e+10
    14.568 1.3607e+10
     14.58 1.3704e+10
    14.593 1.3802e+10
    14.605   1.39e+10
    14.617 1.3999e+10
     14.63 1.4099e+10
    14.642 1.4199e+10
    14.655 1.4299e+10
    14.667   1.44e+10
    14.679 1.4502e+10
    14.692 1.4604e+10
    14.704 1.4707e+10
    14.717 1.4811e+10
    14.729 1.4914e+10
    14.741 1.5019e+10
    14.754 1.5124e+10
    14.766  1.523e+10
    14.779 1.5336e+10
    14.791 1.5443e+10
    14.803  1.555e+10
    14.816 1.5658e+10
    14.828 1.5767e+10
    14.841 1.5876e+10
    14.853 1.5986e+10
    14.865 1.6096e+10
    14.878 1.6207e+10
     14.89 1.6319e+10
    14.903 1.6431e+10
    14.915 1.6544e+10
    14.927 1.6657e+10
     14.94 1.6771e+10
    14.952 1.6886e+10
    14.965 1.7001e+10
    14.977 1.7117e+10
    14.989 1.7233e+10
    15.002  1.735e+10
    15.014 1.7468e+10
    15.027 1.7586e+10
    15.039 1.7705e+10
    15.051 1.7825e+10
    15.064 1.7945e+10
    15.076 1.8066e+10
    15.089 1.8187e+10
    15.101  1.831e+10
    15.113 1.8432e+10
    15.126 1.8556e+10
    15.138  1.868e+10
    15.151 1.8805e+10
    15.163  1.893e+10
    15.175 1.9056e+10
    15.188 1.9183e+10
      15.2  1.931e+10
    15.213 1.9438e+10
    15.225 1.9567e+10
    15.237 1.9696e+10
     15.25 1.9826e+10
    15.262 1.9957e+10
    15.275 2.0088e+10
    15.287  2.022e+10
    15.299 2.0353e+10
    15.312 2.0486e+10
    15.324  2.062e+10
    15.336 2.0755e+10
    15.349  2.089e+10
    15.361 2.1026e+10
    15.374 2.1163e+10
    15.386 2.1301e+10
    15.398 2.1439e+10
    15.411 2.1578e+10
    15.423 2.1717e+10
    15.436 2.1857e+10
    15.448 2.1998e+10
     15.46  2.214e+10
    15.473 2.2283e+10
    15.485 2.2426e+10
    15.498 2.2569e+10
     15.51 2.2714e+10
    15.522 2.2859e+10
    15.535 2.3005e+10
    15.547 2.3152e+10
     15.56   2.33e+10
    15.572 2.3448e+10
    15.584 2.3597e+10
    15.597 2.3746e+10
    15.609 2.3897e+10
    15.622 2.4048e+10
    15.634   2.42e+10
    15.646 2.4352e+10
    15.659 2.4506e+10
    15.671  2.466e+10
    15.684 2.4815e+10
    15.696  2.497e+10
    15.708 2.5127e+10
    15.721 2.5284e+10
    15.733 2.5442e+10
    15.746   2.56e+10
    15.758  2.576e+10
     15.77  2.592e+10
    15.783 2.6081e+10
    15.795 2.6242e+10
    15.808 2.6405e+10
     15.82 2.6568e+10
    15.832 2.6732e+10
    15.845 2.6897e+10
    15.857 2.7063e+10
     15.87 2.7229e+10
    15.882 2.7397e+10
    15.894 2.7564e+10
    15.907 2.7733e+10
    15.919 2.7903e+10
    15.932 2.8073e+10
    15.944 2.8245e+10
    15.956 2.8417e+10
    15.969 2.8589e+10
    15.981 2.8763e+10
    15.994 2.8938e+10
    16.006 2.9113e+10
    16.018 2.9289e+10
    16.031 2.9466e+10
    16.043 2.9644e+10
    16.056 2.9822e+10
    16.068 3.0002e+10
     16.08 3.0182e+10
    16.093 3.0363e+10
    16.105 3.0545e+10
    16.118 3.0728e+10
     16.13 3.0911e+10
    16.142 3.1096e+10
    16.155 3.1281e+10
    16.167 3.1467e+10
     16.18 3.1654e+10
    16.192 3.1842e+10
    16.204 3.2031e+10
    16.217  3.222e+10
    16.229 3.2411e+10
    16.242 3.2602e+10
    16.254 3.2794e+10
    16.266 3.2987e+10
    16.279 3.3181e+10
    16.291 3.3376e+10
    16.304 3.3572e+10
    16.316 3.3768e+10
    16.328 3.3966e+10
    16.341 3.4164e+10
    16.353 3.4363e+10
    16.366 3.4563e+10
    16.378 3.4764e+10
     16.39 3.4966e+10
    16.403 3.5169e+10
    16.415 3.5373e+10
    16.428 3.5577e+10
     16.44 3.5783e+10
    16.452 3.5989e+10
    16.465 3.6196e+10
    16.477 3.6405e+10
     16.49 3.6614e+10
    16.502 3.6824e+10
    16.514 3.7035e+10
    16.527 3.7247e+10
    16.539  3.746e+10
    16.552 3.7674e+10
    16.564 3.7889e+10
    16.576 3.8104e+10
    16.589 3.8321e+10
    16.601 3.8538e+10
    16.613 3.8757e+10
    16.626 3.8976e+10
    16.638 3.9197e+10
    16.651 3.9418e+10
    16.663  3.964e+10
    16.675 3.9864e+10
    16.688 4.0088e+10
      16.7 4.0313e+10
    16.713 4.0539e+10
    16.725 4.0766e+10
    16.737 4.0995e+10
     16.75 4.1224e+10
    16.762 4.1454e+10
    16.775 4.1685e+10
    16.787 4.1917e+10
    16.799  4.215e+10
    16.812 4.2384e+10
    16.824 4.2619e+10
    16.837 4.2855e+10
    16.849 4.3092e+10
    16.861  4.333e+10
    16.874 4.3569e+10
    16.886 4.3809e+10
    16.899  4.405e+10
    16.911 4.4292e+10
    16.923 4.4535e+10
    16.936 4.4779e+10
    16.948 4.5024e+10
    16.961  4.527e+10
    16.973 4.5517e+10
    16.985 4.5765e+10
    16.998 4.6014e+10
     17.01 4.6265e+10
    17.023 4.6516e+10
    17.035 4.6768e+10
    17.047 4.7022e+10
     17.06 4.7276e+10
    17.072 4.7531e+10
    17.085 4.7788e+10
    17.097 4.8045e+10
    17.109 4.8304e+10
    17.122 4.8563e+10
    17.134 4.8824e+10
    17.147 4.9086e+10
    17.159 4.9349e+10
    17.171 4.9612e+10
    17.184 4.9877e+10
    17.196 5.0144e+10
    17.209  5.041e+10
    17.221 5.0679e+10
    17.233 5.0948e+10
    17.246 5.1218e+10
    17.258  5.149e+10
    17.271 5.1762e+10
    17.283 5.2036e+10
    17.295  5.231e+10
    17.308 5.2586e+10
     17.32 5.2863e+10
    17.333 5.3141e+10
    17.345  5.342e+10
    17.357   5.37e+10
     17.37 5.3982e+10
    17.382 5.4264e+10
    17.395 5.4548e+10
    17.407 5.4833e+10
    17.419 5.5119e+10
    17.432 5.5405e+10
    17.444 5.5693e+10
    17.457 5.5983e+10
    17.469 5.6273e+10
    17.481 5.6565e+10
    17.494 5.6857e+10
    17.506 5.7151e+10
    17.519 5.7446e+10
    17.531 5.7742e+10
    17.543 5.8039e+10
    17.556 5.8337e+10
    17.568 5.8637e+10
    17.581 5.8938e+10
    17.593 5.9239e+10
    17.605 5.9542e+10
    17.618 5.9847e+10
     17.63 6.0152e+10
    17.643 6.0459e+10
    17.655 6.0766e+10
    17.667 6.1075e+10
     17.68 6.1385e+10
    17.692 6.1696e+10
    17.705 6.2009e+10
    17.717 6.2323e+10
    17.729 6.2637e+10
    17.742 6.2954e+10
    17.754 6.3271e+10
    17.767 6.3589e+10
    17.779 6.3909e+10
    17.791 6.4229e+10
    17.804 6.4551e+10
    17.816 6.4875e+10
    17.829 6.5199e+10
    17.841 6.5525e+10
    17.853 6.5852e+10
    17.866  6.618e+10
    17.878 6.6509e+10
    17.891  6.684e+10
    17.903 6.7172e+10
    17.915 6.7505e+10
    17.928 6.7839e+10
     17.94 6.8175e+10
    17.952 6.8512e+10
    17.965  6.885e+10
    17.977 6.9189e+10
     17.99  6.953e+10
    18.002 6.9871e+10
    18.014 7.0214e+10
    18.027 7.0559e+10
    18.039 7.0904e+10
    18.052 7.1251e+10
    18.064   7.16e+10
    18.076 7.1949e+10
    18.089   7.23e+10
    18.101 7.2652e+10
    18.114 7.3005e+10
    18.126 7.3359e+10
    18.138 7.3715e+10
    18.151 7.4072e+10
    18.163 7.4431e+10
    18.176 7.4791e+10
    18.188 7.5152e+10
      18.2 7.5514e+10
    18.213 7.5878e+10
    18.225 7.6242e+10
    18.238 7.6609e+10
     18.25 7.6976e+10
    18.262 7.7345e+10
    18.275 7.7715e+10
    18.287 7.8087e+10
      18.3  7.846e+10
    18.312 7.8834e+10
    18.324 7.9209e+10
    18.337 7.9586e+10
    18.349 7.9965e+10
    18.362 8.0344e+10
    18.374 8.0725e+10
    18.386 8.1108e+10
    18.399  8.149e+10
    18.411 8.1876e+10
    18.424 8.2262e+10
    18.436  8.265e+10
    18.448 8.3038e+10
    18.461 8.3429e+10
    18.473 8.3821e+10
    18.486 8.4213e+10
    18.498 8.4608e+10
     18.51 8.5004e+10
    18.523 8.5401e+10
    18.535   8.58e+10
    18.548   8.62e+10
     18.56 8.6601e+10
    18.572 8.7004e+10
    18.585 8.7408e+10
    18.597 8.7813e+10
     18.61  8.822e+10
    18.622 8.8629e+10
    18.634 8.9039e+10
    18.647  8.945e+10
    18.659 8.9862e+10
    18.672 9.0276e+10
    18.684 9.0692e+10
    18.696 9.1108e+10
    18.709 9.1527e+10
    18.721 9.1947e+10
    18.734 9.2368e+10
    18.746  9.279e+10
    18.758 9.3214e+10
    18.771 9.3639e+10
    18.783 9.4066e+10
    18.796 9.4494e+10
    18.808 9.4924e+10
     18.82 9.5355e+10
    18.833 9.5788e+10
    18.845 9.6222e+10
    18.858 9.6657e+10
     18.87 9.7094e+10
    18.882 9.7533e+10
    18.895 9.7972e+10
    18.907 9.8414e+10
     18.92 9.8857e+10
    18.932 9.9301e+10
    18.944 9.9747e+10
    18.957 1.0019e+11
    18.969 1.0064e+11
    18.982 1.0109e+11
    18.994 1.0154e+11
    19.006   1.02e+11
    19.019 1.0245e+11
    19.031 1.0291e+11
    19.044 1.0337e+11
    19.056 1.0383e+11
    19.068 1.0429e+11
    19.081 1.0475e+11
    19.093 1.0521e+11
    19.106 1.0568e+11
    19.118 1.0614e+11
     19.13 1.0661e+11
    19.143 1.0708e+11
    19.155 1.0755e+11
    19.168 1.0803e+11
     19.18  1.085e+11
    19.192 1.0898e+11
    19.205 1.0945e+11
    19.217 1.0993e+11
     19.23 1.1041e+11
    19.242  1.109e+11
    19.254 1.1138e+11
    19.267 1.1186e+11
    19.279 1.1235e+11
    19.291 1.1284e+11
    19.304 1.1333e+11
    19.316 1.1382e+11
    19.329 1.1431e+11
    19.341 1.1481e+11
    19.353  1.153e+11
    19.366  1.158e+11
    19.378  1.163e+11
    19.391  1.168e+11
    19.403  1.173e+11
    19.415 1.1781e+11
    19.428 1.1831e+11
     19.44 1.1882e+11
    19.453 1.1933e+11
    19.465 1.1984e+11
    19.477 1.2035e+11
     19.49 1.2087e+11
    19.502 1.2138e+11
    19.515  1.219e+11
    19.527 1.2242e+11
    19.539 1.2294e+11
    19.552 1.2346e+11
    19.564 1.2398e+11
    19.577 1.2451e+11
    19.589 1.2503e+11
    19.601 1.2556e+11
    19.614 1.2609e+11
    19.626 1.2662e+11
    19.639 1.2716e+11
    19.651 1.2769e+11
    19.663 1.2823e+11
    19.676 1.2876e+11
    19.688  1.293e+11
    19.701 1.2985e+11
    19.713 1.3039e+11
    19.725 1.3093e+11
    19.738 1.3148e+11
     19.75 1.3203e+11
    19.763 1.3258e+11
    19.775 1.3313e+11
    19.787 1.3368e+11
      19.8 1.3424e+11
    19.812 1.3479e+11
    19.825 1.3535e+11
    19.837 1.3591e+11
    19.849 1.3647e+11
    19.862 1.3703e+11
    19.874  1.376e+11
    19.887 1.3817e+11
    19.899 1.3873e+11
    19.911  1.393e+11
    19.924 1.3988e+11
    19.936 1.4045e+11
    19.949 1.4102e+11
    19.961  1.416e+11
    19.973 1.4218e+11
    19.986 1.4276e+11
    19.998 1.4334e+11
    20.011 1.4392e+11
    20.023 1.4451e+11
    20.035  1.451e+11
    20.048 1.4568e+11
     20.06 1.4628e+11
    20.073 1.4687e+11
    20.085 1.4746e+11
    20.097 1.4806e+11
     20.11 1.4865e+11
    20.122 1.4925e+11
    20.135 1.4985e+11
    20.147 1.5046e+11
    20.159 1.5106e+11
    20.172 1.5167e+11
    20.184 1.5228e+11
    20.197 1.5289e+11
    20.209  1.535e+11
    20.221 1.5411e+11
    20.234 1.5473e+11
    20.246 1.5534e+11
    20.259 1.5596e+11
    20.271 1.5658e+11
    20.283  1.572e+11
    20.296 1.5783e+11
    20.308 1.5845e+11
    20.321 1.5908e+11
    20.333 1.5971e+11
    20.345 1.6034e+11
    20.358 1.6097e+11
     20.37 1.6161e+11
    20.383 1.6225e+11
    20.395 1.6289e+11
    20.407 1.6353e+11
     20.42 1.6417e+11
    20.432 1.6481e+11
    20.445 1.6546e+11
    20.457  1.661e+11
    20.469 1.6675e+11
    20.482 1.6741e+11
    20.494 1.6806e+11
    20.507 1.6871e+11
    20.519 1.6937e+11
    20.531 1.7003e+11
    20.544 1.7069e+11
    20.556 1.7135e+11
    20.569 1.7201e+11
    20.581 1.7268e+11
    20.593 1.7335e+11
    20.606 1.7402e+11
    20.618 1.7469e+11
     20.63 1.7536e+11
    20.643 1.7604e+11
    20.655 1.7671e+11
    20.668  1.774e+11
     20.68 1.7808e+11
    20.692 1.7876e+11
    20.705 1.7944e+11
    20.717 1.8013e+11
     20.73 1.8082e+11
    20.742 1.8151e+11
    20.754  1.822e+11
    20.767 1.8289e+11
    20.779 1.8359e+11
    20.792 1.8429e+11
    20.804 1.8499e+11
    20.816 1.8569e+11
    20.829 1.8639e+11
    20.841  1.871e+11
    20.854 1.8781e+11
    20.866 1.8852e+11
    20.878 1.8923e+11
    20.891 1.8994e+11
    20.903 1.9066e+11
    20.916 1.9137e+11
    20.928 1.9209e+11
     20.94 1.9281e+11
    20.953 1.9354e+11
    20.965 1.9426e+11
    20.978 1.9499e+11
     20.99 1.9572e+11
    21.002 1.9645e+11
    21.015 1.9718e+11
    21.027 1.9791e+11
     21.04 1.9865e+11
    21.052 1.9939e+11
    21.064 2.0013e+11
    21.077 2.0087e+11
    21.089 2.0162e+11
    21.102 2.0236e+11
    21.114 2.0311e+11
    21.126 2.0386e+11
    21.139 2.0461e+11
    21.151 2.0537e+11
    21.164 2.0613e+11
    21.176 2.0688e+11
    21.188 2.0764e+11
    21.201 2.0841e+11
    21.213 2.0917e+11
    21.226 2.0994e+11
    21.238  2.107e+11
     21.25 2.1147e+11
    21.263 2.1225e+11
    21.275 2.1302e+11
    21.288  2.138e+11
      21.3 2.1458e+11
    21.312 2.1536e+11
    21.325 2.1614e+11
    21.337 2.1692e+11
     21.35 2.1771e+11
    21.362  2.185e+11
    21.374 2.1929e+11
    21.387 2.2008e+11
    21.399 2.2088e+11
    21.412 2.2167e+11
    21.424 2.2247e+11
    21.436 2.2327e+11
    21.449 2.2407e+11
    21.461 2.2488e+11
    21.474 2.2569e+11
    21.486  2.265e+11
    21.498 2.2731e+11
    21.511 2.2812e+11
    21.523 2.2893e+11
    21.536 2.2975e+11
    21.548 2.3057e+11
     21.56 2.3139e+11
    21.573 2.3222e+11
    21.585 2.3304e+11
    21.598 2.3387e+11
     21.61  2.347e+11
    21.622 2.3553e+11
    21.635 2.3636e+11
    21.647  2.372e+11
     21.66 2.3804e+11
    21.672 2.3888e+11
    21.684 2.3972e+11
    21.697 2.4056e+11
    21.709 2.4141e+11
    21.722 2.4226e+11
    21.734 2.4311e+11
    21.746 2.4396e+11
    21.759 2.4482e+11
    21.771 2.4567e+11
    21.784 2.4653e+11
    21.796 2.4739e+11
    21.808 2.4826e+11
    21.821 2.4912e+11
    21.833 2.4999e+11
    21.846 2.5086e+11
    21.858 2.5173e+11
     21.87 2.5261e+11
    21.883 2.5348e+11
    21.895 2.5436e+11
    21.908 2.5524e+11
     21.92 2.5612e+11
    21.932 2.5701e+11
    21.945  2.579e+11
    21.957 2.5879e+11
    21.969 2.5968e+11
    21.982 2.6057e+11
    21.994 2.6147e+11
    22.007 2.6236e+11
    22.019 2.6326e+11
    22.031 2.6417e+11
    22.044 2.6507e+11
    22.056 2.6598e+11
    22.069 2.6688e+11
    22.081  2.678e+11
    22.093 2.6871e+11
    22.106 2.6962e+11
    22.118 2.7054e+11
    22.131 2.7146e+11
    22.143 2.7238e+11
    22.155 2.7331e+11
    22.168 2.7423e+11
     22.18 2.7516e+11
    22.193 2.7609e+11
    22.205 2.7702e+11
    22.217 2.7796e+11
     22.23  2.789e+11
    22.242 2.7984e+11
    22.255 2.8078e+11
    22.267 2.8172e+11
    22.279 2.8267e+11
    22.292 2.8362e+11
    22.304 2.8457e+11
    22.317 2.8552e+11
    22.329 2.8648e+11
    22.341 2.8743e+11
    22.354 2.8839e+11
    22.366 2.8935e+11
    22.379 2.9032e+11
    22.391 2.9128e+11
    22.403 2.9225e+11
    22.416 2.9322e+11
    22.428  2.942e+11
    22.441 2.9517e+11
    22.453 2.9615e+11
    22.465 2.9713e+11
    22.478 2.9811e+11
     22.49  2.991e+11
    22.503 3.0008e+11
    22.515 3.0107e+11
    22.527 3.0206e+11
     22.54 3.0306e+11
    22.552 3.0405e+11
    22.565 3.0505e+11
    22.577 3.0605e+11
    22.589 3.0705e+11
    22.602 3.0806e+11
    22.614 3.0906e+11
    22.627 3.1007e+11
    22.639 3.1109e+11
    22.651  3.121e+11
    22.664 3.1312e+11
    22.676 3.1414e+11
    22.689 3.1516e+11
    22.701 3.1618e+11
    22.713  3.172e+11
    22.726 3.1823e+11
    22.738 3.1926e+11
    22.751  3.203e+11
    22.763 3.2133e+11
    22.775 3.2237e+11
    22.788 3.2341e+11
      22.8 3.2445e+11
    22.813 3.2549e+11
    22.825 3.2654e+11
    22.837 3.2759e+11
     22.85 3.2864e+11
    22.862 3.2969e+11
    22.875 3.3075e+11
    22.887 3.3181e+11
    22.899 3.3287e+11
    22.912 3.3393e+11
    22.924   3.35e+11
    22.937 3.3607e+11
    22.949 3.3714e+11
    22.961 3.3821e+11
    22.974 3.3928e+11
    22.986 3.4036e+11
    22.999 3.4144e+11
    23.011 3.4252e+11
    23.023 3.4361e+11
    23.036 3.4469e+11
    23.048 3.4578e+11
    23.061 3.4687e+11
    23.073 3.4797e+11
    23.085 3.4906e+11
    23.098 3.5016e+11
     23.11 3.5126e+11
    23.123 3.5237e+11
    23.135 3.5347e+11
    23.147 3.5458e+11
     23.16 3.5569e+11
    23.172  3.568e+11
    23.185 3.5792e+11
    23.197 3.5904e+11
    23.209 3.6016e+11
    23.222 3.6128e+11
    23.234 3.6241e+11
    23.247 3.6353e+11
    23.259 3.6466e+11
    23.271  3.658e+11
    23.284 3.6693e+11
    23.296 3.6807e+11
    23.308 3.6921e+11
    23.321 3.7035e+11
    23.333 3.7149e+11
    23.346 3.7264e+11
    23.358 3.7379e+11
     23.37 3.7494e+11
    23.383  3.761e+11
    23.395 3.7725e+11
    23.408 3.7841e+11
     23.42 3.7957e+11
    23.432 3.8074e+11
    23.445 3.8191e+11
    23.457 3.8308e+11
     23.47 3.8425e+11
    23.482 3.8542e+11
    23.494  3.866e+11
    23.507 3.8777e+11
    23.519 3.8896e+11
    23.532 3.9014e+11
    23.544 3.9133e+11
    23.556 3.9252e+11
    23.569 3.9371e+11
    23.581  3.949e+11
    23.594  3.961e+11
    23.606  3.973e+11
    23.618  3.985e+11
    23.631  3.997e+11
    23.643 4.0091e+11
    23.656 4.0212e+11
    23.668 4.0333e+11
     23.68 4.0454e+11
    23.693 4.0576e+11
    23.705 4.0698e+11
    23.718  4.082e+11
     23.73 4.0942e+11
    23.742 4.1065e+11
    23.755 4.1188e+11
    23.767 4.1311e+11
     23.78 4.1434e+11
    23.792 4.1558e+11
    23.804 4.1682e+11
    23.817 4.1806e+11
    23.829  4.193e+11
    23.842 4.2055e+11
    23.854  4.218e+11
    23.866 4.2305e+11
    23.879  4.243e+11
    23.891 4.2556e+11
    23.904 4.2682e+11
    23.916 4.2808e+11
    23.928 4.2935e+11
    23.941 4.3061e+11
    23.953 4.3188e+11
    23.966 4.3315e+11
    23.978 4.3443e+11
     23.99  4.357e+11
    24.003 4.3698e+11
    24.015 4.3827e+11
    24.028 4.3955e+11
     24.04 4.4084e+11
    24.052 4.4213e+11
    24.065 4.4342e+11
    24.077 4.4471e+11
     24.09 4.4601e+11
    24.102 4.4731e+11
    24.114 4.4862e+11
    24.127 4.4992e+11
    24.139 4.5123e+11
    24.152 4.5254e+11
    24.164 4.5385e+11
    24.176 4.5517e+11
    24.189 4.5649e+11
    24.201 4.5781e+11
    24.214 4.5913e+11
    24.226 4.6046e+11
    24.238 4.6179e+11
    24.251 4.6312e+11
    24.263 4.6445e+11
    24.276 4.6579e+11
    24.288 4.6713e+11
      24.3 4.6847e+11
    24.313 4.6981e+11
    24.325 4.7116e+11
    24.338 4.7251e+11
     24.35 4.7386e+11
    24.362 4.7522e+11
    24.375 4.7657e+11
    24.387 4.7793e+11
      24.4  4.793e+11
    24.412 4.8066e+11
    24.424 4.8203e+11
    24.437  4.834e+11
    24.449 4.8477e+11
    24.462 4.8615e+11
    24.474 4.8753e+11
    24.486 4.8891e+11
    24.499 4.9029e+11
    24.511 4.9168e+11
    24.524 4.9307e+11
    24.536 4.9446e+11
    24.548 4.9585e+11
    24.561 4.9725e+11
    24.573 4.9865e+11
    24.585 5.0005e+11
    24.598 5.0146e+11
     24.61 5.0287e+11
    24.623 5.0428e+11
    24.635 5.0569e+11
    24.647 5.0711e+11
     24.66 5.0853e+11
    24.672 5.0995e+11
    24.685 5.1137e+11
    24.697  5.128e+11
    24.709 5.1423e+11
    24.722 5.1566e+11
    24.734 5.1709e+11
    24.747 5.1853e+11
    24.759 5.1997e+11
    24.771 5.2141e+11
    24.784 5.2286e+11
    24.796 5.2431e+11
    24.809 5.2576e+11
    24.821 5.2721e+11
    24.833 5.2867e+11
    24.846 5.3012e+11
    24.858 5.3159e+11
    24.871 5.3305e+11
    24.883 5.3452e+11
    24.895 5.3599e+11
    24.908 5.3746e+11
     24.92 5.3894e+11
    24.933 5.4041e+11
    24.945 5.4189e+11
    24.957 5.4338e+11
     24.97 5.4486e+11
    24.982 5.4635e+11
    24.995 5.4784e+11
    25.007 5.4934e+11
    25.019 5.5083e+11
    25.032 5.5233e+11
    25.044 5.5383e+11
    25.057 5.5534e+11
    25.069 5.5684e+11
    25.081 5.5836e+11
    25.094 5.5987e+11
    25.106 5.6138e+11
    25.119  5.629e+11
    25.131 5.6443e+11
    25.143 5.6595e+11
    25.156 5.6748e+11
    25.168 5.6901e+11
    25.181 5.7054e+11
    25.193 5.7208e+11
    25.205 5.7362e+11
    25.218 5.7516e+11
     25.23  5.767e+11
    25.243 5.7825e+11
    25.255  5.798e+11
    25.267 5.8135e+11
     25.28  5.829e+11
    25.292 5.8446e+11
    25.305 5.8602e+11
    25.317 5.8758e+11
    25.329 5.8915e+11
    25.342 5.9072e+11
    25.354 5.9229e+11
    25.367 5.9386e+11
    25.379 5.9544e+11
    25.391 5.9702e+11
    25.404  5.986e+11
    25.416 6.0019e+11
    25.429 6.0178e+11
    25.441 6.0337e+11
    25.453 6.0496e+11
    25.466 6.0656e+11
    25.478 6.0816e+11
    25.491 6.0976e+11
    25.503 6.1136e+11
    25.515 6.1297e+11
    25.528 6.1458e+11
     25.54  6.162e+11
    25.553 6.1781e+11
    25.565 6.1943e+11
    25.577 6.2105e+11
     25.59 6.2268e+11
    25.602 6.2431e+11
    25.615 6.2594e+11
    25.627 6.2757e+11
    25.639 6.2921e+11
    25.652 6.3084e+11
    25.664 6.3249e+11
    25.677 6.3413e+11
    25.689 6.3578e+11
    25.701 6.3743e+11
    25.714 6.3908e+11
    25.726 6.4074e+11
    25.739  6.424e+11
    25.751 6.4405e+11
    25.763 6.4572e+11
    25.776 6.4739e+11
    25.788 6.4906e+11
    25.801 6.5073e+11
    25.813 6.5241e+11
    25.825 6.5409e+11
    25.838 6.5577e+11
     25.85 6.5745e+11
    25.863 6.5914e+11
    25.875 6.6083e+11
    25.887 6.6252e+11
      25.9 6.6422e+11
    25.912 6.6592e+11
    25.924 6.6762e+11
    25.937 6.6932e+11
    25.949 6.7103e+11
    25.962 6.7274e+11
    25.974 6.7445e+11
    25.986 6.7617e+11
    25.999 6.7789e+11
    26.011 6.7961e+11
    26.024 6.8133e+11
    26.036 6.8306e+11
    26.048 6.8479e+11
    26.061 6.8652e+11
    26.073 6.8826e+11
    26.086    6.9e+11
    26.098 6.9174e+11
     26.11 6.9349e+11
    26.123 6.9524e+11
    26.135 6.9699e+11
    26.148 6.9874e+11
     26.16  7.005e+11
    26.172 7.0225e+11
    26.185 7.0402e+11
    26.197 7.0578e+11
     26.21 7.0755e+11
    26.222 7.0932e+11
    26.234  7.111e+11
    26.247 7.1287e+11
    26.259 7.1465e+11
    26.272 7.1644e+11
    26.284 7.1822e+11
    26.296 7.2001e+11
    26.309  7.218e+11
    26.321 7.2359e+11
    26.334 7.2539e+11
    26.346 7.2719e+11
    26.358   7.29e+11
    26.371  7.308e+11
    26.383 7.3261e+11
    26.396 7.3442e+11
    26.408 7.3624e+11
     26.42 7.3805e+11
    26.433 7.3988e+11
    26.445  7.417e+11
    26.458 7.4352e+11
     26.47 7.4536e+11
    26.482 7.4719e+11
    26.495 7.4902e+11
    26.507 7.5086e+11
     26.52  7.527e+11
    26.532 7.5455e+11
    26.544 7.5639e+11
    26.557 7.5824e+11
    26.569  7.601e+11
    26.582 7.6195e+11
    26.594 7.6381e+11
    26.606 7.6567e+11
    26.619 7.6754e+11
    26.631 7.6941e+11
    26.644 7.7128e+11
    26.656 7.7315e+11
    26.668 7.7503e+11
    26.681 7.7691e+11
    26.693 7.7879e+11
    26.706 7.8068e+11
    26.718 7.8257e+11
     26.73 7.8446e+11
    26.743 7.8635e+11
    26.755 7.8825e+11
    26.768 7.9015e+11
     26.78 7.9205e+11
    26.792 7.9396e+11
    26.805 7.9587e+11
    26.817 7.9778e+11
     26.83  7.997e+11
    26.842 8.0162e+11
    26.854 8.0354e+11
    26.867 8.0546e+11
    26.879 8.0739e+11
    26.892 8.0932e+11
    26.904 8.1125e+11
    26.916 8.1319e+11
    26.929 8.1513e+11
    26.941 8.1707e+11
    26.954 8.1902e+11
    26.966 8.2097e+11
    26.978 8.2292e+11
    26.991 8.2487e+11
    27.003 8.2683e+11
    27.016 8.2879e+11
    27.028 8.3075e+11
     27.04 8.3272e+11
    27.053 8.3469e+11
    27.065 8.3667e+11
    27.078 8.3864e+11
     27.09 8.4062e+11
    27.102  8.426e+11
    27.115 8.4459e+11
    27.127 8.4657e+11
     27.14 8.4857e+11
    27.152 8.5055e+11
    27.164 8.5255e+11
    27.177 8.5455e+11
    27.189 8.5656e+11
    27.202 8.5856e+11
    27.214 8.6057e+11
    27.226 8.6258e+11
    27.239  8.646e+11
    27.251 8.6662e+11
    27.263 8.6864e+11
    27.276 8.7066e+11
    27.288 8.7269e+11
    27.301 8.7472e+11
    27.313 8.7675e+11
    27.325 8.7879e+11
    27.338 8.8083e+11
     27.35 8.8287e+11
    27.363 8.8492e+11
    27.375 8.8696e+11
    27.387 8.8901e+11
      27.4 8.9107e+11
    27.412 8.9313e+11
    27.425 8.9519e+11
    27.437 8.9726e+11
    27.449 8.9932e+11
    27.462 9.0139e+11
    27.474 9.0347e+11
    27.487 9.0554e+11
    27.499 9.0762e+11
    27.511  9.097e+11
    27.524 9.1179e+11
    27.536 9.1387e+11
    27.549 9.1597e+11
    27.561 9.1806e+11
    27.573 9.2016e+11
    27.586 9.2226e+11
    27.598 9.2436e+11
    27.611 9.2647e+11
    27.623 9.2858e+11
    27.635 9.3069e+11
    27.648 9.3281e+11
     27.66 9.3493e+11
    27.673 9.3705e+11
    27.685 9.3918e+11
    27.697 9.4131e+11
     27.71 9.4344e+11
    27.722 9.4557e+11
    27.735  9.477e+11
    27.747 9.4985e+11
    27.759   9.52e+11
    27.772 9.5414e+11
    27.784 9.5629e+11
    27.797 9.5844e+11
    27.809  9.606e+11
    27.821 9.6276e+11
    27.834 9.6492e+11
    27.846 9.6708e+11
    27.859 9.6925e+11
    27.871 9.7142e+11
    27.883  9.736e+11
    27.896 9.7578e+11
    27.908 9.7796e+11
    27.921 9.8014e+11
    27.933 9.8233e+11
    27.945 9.8452e+11
    27.958 9.8672e+11
     27.97 9.8891e+11
    27.983 9.9111e+11
    27.995 9.9332e+11
    28.007 9.9552e+11
     28.02 9.9773e+11
    28.032 9.9994e+11
    28.045 1.0022e+12
    28.057 1.0044e+12
    28.069 1.0066e+12
    28.082 1.0088e+12
    28.094  1.011e+12
    28.107 1.0133e+12
    28.119 1.0155e+12
    28.131 1.0177e+12
    28.144   1.02e+12
    28.156 1.0222e+12
    28.169 1.0245e+12
    28.181 1.0267e+12
    28.193  1.029e+12
    28.206 1.0312e+12
    28.218 1.0335e+12
    28.231 1.0358e+12
    28.243  1.038e+12
    28.255 1.0403e+12
    28.268 1.0426e+12
     28.28 1.0448e+12
    28.293 1.0471e+12
    28.305 1.0494e+12
    28.317 1.0517e+12
     28.33  1.054e+12
    28.342 1.0563e+12
    28.355 1.0586e+12
    28.367 1.0609e+12
    28.379 1.0632e+12
    28.392 1.0655e+12
    28.404 1.0678e+12
    28.417 1.0701e+12
    28.429 1.0724e+12
    28.441 1.0747e+12
    28.454  1.077e+12
    28.466 1.0793e+12
    28.479 1.0817e+12
    28.491  1.084e+12
    28.503 1.0863e+12
    28.516 1.0887e+12
    28.528  1.091e+12
    28.541 1.0933e+12
    28.553 1.0957e+12
    28.565  1.098e+12
    28.578 1.1004e+12
     28.59 1.1027e+12
    28.602 1.1051e+12
    28.615 1.1075e+12
    28.627 1.1098e+12
     28.64 1.1122e+12
    28.652 1.1146e+12
    28.664 1.1169e+12
    28.677 1.1193e+12
    28.689 1.1217e+12
    28.702 1.1241e+12
    28.714 1.1264e+12
    28.726 1.1288e+12
    28.739 1.1312e+12
    28.751 1.1336e+12
    28.764  1.136e+12
    28.776 1.1384e+12
    28.788 1.1408e+12
    28.801 1.1432e+12
    28.813 1.1457e+12
    28.826 1.1481e+12
    28.838 1.1505e+12
     28.85 1.1529e+12
    28.863 1.1553e+12
    28.875 1.1578e+12
    28.888 1.1602e+12
      28.9 1.1626e+12
    28.912 1.1651e+12
    28.925 1.1675e+12
    28.937 1.1699e+12
     28.95 1.1724e+12
    28.962 1.1748e+12
    28.974 1.1773e+12
    28.987 1.1797e+12
    28.999 1.1822e+12
    29.012 1.1847e+12
    29.024 1.1871e+12
    29.036 1.1896e+12
    29.049 1.1921e+12
    29.061 1.1945e+12
    29.074  1.197e+12
    29.086 1.1995e+12
    29.098  1.202e+12
    29.111 1.2045e+12
    29.123  1.207e+12
    29.136 1.2095e+12
    29.148  1.212e+12
     29.16 1.2145e+12
    29.173  1.217e+12
    29.185 1.2195e+12
    29.198  1.222e+12
     29.21 1.2245e+12
    29.222  1.227e+12
    29.235 1.2295e+12
    29.247 1.2321e+12
     29.26 1.2346e+12
    29.272 1.2371e+12
    29.284 1.2397e+12
    29.297 1.2422e+12
    29.309 1.2447e+12
    29.322 1.2473e+12
    29.334 1.2498e+12
    29.346 1.2524e+12
    29.359 1.2549e+12
    29.371 1.2575e+12
    29.384   1.26e+12
    29.396 1.2626e+12
    29.408 1.2652e+12
    29.421 1.2677e+12
    29.433 1.2703e+12
    29.446 1.2729e+12
    29.458 1.2755e+12
     29.47  1.278e+12
    29.483 1.2806e+12
    29.495 1.2832e+12
    29.508 1.2858e+12
     29.52 1.2884e+12
    29.532  1.291e+12
    29.545 1.2936e+12
    29.557 1.2962e+12
     29.57 1.2988e+12
    29.582 1.3014e+12
    29.594  1.304e+12
    29.607 1.3066e+12
    29.619 1.3093e+12
    29.632 1.3119e+12
    29.644 1.3145e+12
    29.656 1.3172e+12
    29.669 1.3198e+12
    29.681 1.3224e+12
    29.694 1.3251e+12
    29.706 1.3277e+12
    29.718 1.3304e+12
    29.731  1.333e+12
    29.743 1.3357e+12
    29.756 1.3383e+12
    29.768  1.341e+12
     29.78 1.3436e+12
    29.793 1.3463e+12
    29.805  1.349e+12
    29.818 1.3516e+12
     29.83 1.3543e+12
    29.842  1.357e+12
    29.855 1.3597e+12
    29.867 1.3624e+12
     29.88 1.3651e+12
    29.892 1.3677e+12
    29.904 1.3704e+12
    29.917 1.3731e+12
    29.929 1.3758e+12
    29.941 1.3786e+12
    29.954 1.3813e+12
    29.966  1.384e+12
    29.979 1.3867e+12
    29.991 1.3894e+12
    30.003 1.3921e+12
