RRKM rate, sf=0.970, S*=9.63, E0=2.74 and Delta=2.74
   En (eV)    k (s-1)
         0          0
  0.012398          0
  0.024796          0
  0.037194          0
  0.049593          0
  0.061991          0
  0.074389          0
  0.086787          0
  0.099185          0
   0.11158          0
   0.12398          0
   0.13638          0
   0.14878          0
   0.16118          0
   0.17357          0
   0.18597          0
   0.19837          0
   0.21077          0
   0.22317          0
   0.23556          0
   0.24796          0
   0.26036          0
   0.27276          0
   0.28516          0
   0.29756          0
   0.30995          0
   0.32235          0
   0.33475          0
   0.34715          0
   0.35955          0
   0.37194          0
   0.38434          0
   0.39674          0
   0.40914          0
   0.42154          0
   0.43393          0
   0.44633          0
   0.45873          0
   0.47113          0
   0.48353          0
   0.49593          0
   0.50832          0
   0.52072          0
   0.53312          0
   0.54552          0
   0.55792          0
   0.57031          0
   0.58271          0
   0.59511          0
   0.60751          0
   0.61991          0
    0.6323          0
    0.6447          0
    0.6571          0
    0.6695          0
    0.6819          0
    0.6943          0
   0.70669          0
   0.71909          0
   0.73149          0
   0.74389          0
   0.75629          0
   0.76868          0
   0.78108          0
   0.79348          0
   0.80588          0
   0.81828          0
   0.83067          0
   0.84307          0
   0.85547          0
   0.86787          0
   0.88027          0
   0.89267          0
   0.90506          0
   0.91746          0
   0.92986          0
   0.94226          0
   0.95466          0
   0.96705          0
   0.97945          0
   0.99185          0
    1.0042          0
    1.0166          0
     1.029          0
    1.0414          0
    1.0538          0
    1.0662          0
    1.0786          0
     1.091          0
    1.1034          0
    1.1158          0
    1.1282          0
    1.1406          0
     1.153          0
    1.1654          0
    1.1778          0
    1.1902          0
    1.2026          0
     1.215          0
    1.2274          0
    1.2398          0
    1.2522          0
    1.2646          0
     1.277          0
    1.2894          0
    1.3018          0
    1.3142          0
    1.3266          0
     1.339          0
    1.3514          0
    1.3638          0
    1.3762          0
    1.3886          0
     1.401          0
    1.4134          0
    1.4258          0
    1.4382          0
    1.4506          0
     1.463          0
    1.4754          0
    1.4878          0
    1.5002          0
    1.5126          0
     1.525          0
    1.5374          0
    1.5498          0
    1.5622          0
    1.5746          0
     1.587          0
    1.5994          0
    1.6118          0
    1.6242          0
    1.6366          0
     1.649          0
    1.6613          0
    1.6737          0
    1.6861          0
    1.6985          0
    1.7109          0
    1.7233          0
    1.7357          0
    1.7481          0
    1.7605          0
    1.7729          0
    1.7853          0
    1.7977          0
    1.8101          0
    1.8225          0
    1.8349          0
    1.8473          0
    1.8597          0
    1.8721          0
    1.8845          0
    1.8969          0
    1.9093          0
    1.9217          0
    1.9341          0
    1.9465          0
    1.9589          0
    1.9713          0
    1.9837          0
    1.9961          0
    2.0085          0
    2.0209          0
    2.0333          0
    2.0457          0
    2.0581          0
    2.0705          0
    2.0829          0
    2.0953          0
    2.1077          0
    2.1201          0
    2.1325          0
    2.1449          0
    2.1573          0
    2.1697          0
    2.1821          0
    2.1945          0
    2.2069          0
    2.2193          0
    2.2317          0
    2.2441          0
    2.2565          0
    2.2689          0
    2.2813          0
    2.2937          0
    2.3061          0
    2.3185          0
    2.3308          0
    2.3432          0
    2.3556          0
     2.368          0
    2.3804          0
    2.3928          0
    2.4052          0
    2.4176          0
      2.43          0
    2.4424          0
    2.4548          0
    2.4672          0
    2.4796          0
     2.492          0
    2.5044          0
    2.5168          0
    2.5292          0
    2.5416          0
     2.554          0
    2.5664          0
    2.5788          0
    2.5912          0
    2.6036          0
     2.616          0
    2.6284          0
    2.6408          0
    2.6532          0
    2.6656          0
     2.678          0
    2.6904          0
    2.7028          0
    2.7152          0
    2.7276          0
      2.74          0
    2.7524 9.2575e-12
    2.7648 2.4255e-11
    2.7772 7.0635e-11
    2.7896 1.4198e-10
     2.802 2.9143e-10
    2.8144 5.3334e-10
    2.8268 9.5384e-10
    2.8392 1.6261e-09
    2.8516 2.6795e-09
     2.864 4.3135e-09
    2.8764 6.7517e-09
    2.8888 1.0393e-08
    2.9012 1.5662e-08
    2.9136  2.326e-08
     2.926 3.4001e-08
    2.9384  4.907e-08
    2.9508 6.9943e-08
    2.9632 9.8578e-08
    2.9756 1.3751e-07
     2.988 1.8996e-07
    3.0003 2.6009e-07
    3.0127 3.5312e-07
    3.0251  4.757e-07
    3.0375 6.3609e-07
    3.0499 8.4467e-07
    3.0623 1.1143e-06
    3.0747 1.4609e-06
    3.0871 1.9039e-06
    3.0995 2.4675e-06
    3.1119 3.1808e-06
    3.1243 4.0794e-06
    3.1367 5.2066e-06
    3.1491 6.6142e-06
    3.1615 8.3649e-06
    3.1739 1.0534e-05
    3.1863 1.3211e-05
    3.1987 1.6503e-05
    3.2111 2.0537e-05
    3.2235 2.5463e-05
    3.2359 3.1461e-05
    3.2483 3.8738e-05
    3.2607 4.7542e-05
    3.2731 5.8163e-05
    3.2855 7.0936e-05
    3.2979 8.6258e-05
    3.3103 0.00010459
    3.3227 0.00012646
    3.3351 0.00015249
    3.3475 0.00018339
    3.3599    0.00022
    3.3723 0.00026325
    3.3847 0.00031426
    3.3971 0.00037426
    3.4095 0.00044471
    3.4219 0.00052724
    3.4343 0.00062374
    3.4467 0.00073634
    3.4591 0.00086749
    3.4715  0.0010199
    3.4839  0.0011969
    3.4963  0.0014018
    3.5087  0.0016387
    3.5211  0.0019122
    3.5335  0.0022274
    3.5459    0.00259
    3.5583  0.0030066
    3.5707  0.0034844
    3.5831  0.0040316
    3.5955  0.0046572
    3.6079  0.0053716
    3.6203  0.0061861
    3.6327  0.0071135
    3.6451   0.008168
    3.6574  0.0093654
    3.6698   0.010723
    3.6822   0.012261
    3.6946   0.014001
     3.707   0.015966
    3.7194   0.018183
    3.7318   0.020682
    3.7442   0.023496
    3.7566   0.026659
     3.769   0.030211
    3.7814   0.034197
    3.7938   0.038663
    3.8062   0.043663
    3.8186   0.049254
     3.831     0.0555
    3.8434   0.062471
    3.8558   0.070242
    3.8682   0.078898
    3.8806   0.088529
     3.893   0.099235
    3.9054    0.11113
    3.9178    0.12432
    3.9302    0.13894
    3.9426    0.15514
     3.955    0.17307
    3.9674    0.19289
    3.9798    0.21479
    3.9922    0.23896
    4.0046    0.26562
     4.017    0.29499
    4.0294    0.32734
    4.0418    0.36293
    4.0542    0.40206
    4.0666    0.44505
     4.079    0.49223
    4.0914    0.54399
    4.1038    0.60073
    4.1162    0.66287
    4.1286    0.73089
     4.141    0.80529
    4.1534    0.88661
    4.1658    0.97543
    4.1782     1.0724
    4.1906     1.1782
     4.203     1.2934
    4.2154      1.419
    4.2278     1.5558
    4.2402     1.7046
    4.2526     1.8663
     4.265     2.0421
    4.2774     2.2331
    4.2898     2.4403
    4.3022     2.6651
    4.3146     2.9088
    4.3269     3.1728
    4.3393     3.4587
    4.3517     3.7682
    4.3641     4.1029
    4.3765     4.4648
    4.3889     4.8558
    4.4013      5.278
    4.4137     5.7338
    4.4261     6.2254
    4.4385     6.7555
    4.4509     7.3269
    4.4633     7.9422
    4.4757     8.6048
    4.4881     9.3177
    4.5005     10.084
    4.5129     10.909
    4.5253     11.795
    4.5377     12.746
    4.5501     13.767
    4.5625     14.863
    4.5749     16.039
    4.5873     17.299
    4.5997      18.65
    4.6121     20.096
    4.6245     21.645
    4.6369     23.302
    4.6493     25.076
    4.6617     26.972
    4.6741     28.998
    4.6865     31.163
    4.6989     33.476
    4.7113     35.945
    4.7237     38.579
    4.7361      41.39
    4.7485     44.387
    4.7609     47.581
    4.7733     50.984
    4.7857     54.609
    4.7981     58.469
    4.8105     62.577
    4.8229     66.947
    4.8353     71.595
    4.8477     76.536
    4.8601     81.788
    4.8725     87.367
    4.8849     93.293
    4.8973     99.583
    4.9097     106.26
    4.9221     113.34
    4.9345     120.86
    4.9469     128.82
    4.9593     137.26
    4.9717     146.21
     4.984     155.68
    4.9964     165.71
    5.0088     176.33
    5.0212     187.57
    5.0336     199.46
     5.046     212.03
    5.0584     225.32
    5.0708     239.36
    5.0832     254.21
    5.0956     269.88
     5.108     286.44
    5.1204     303.91
    5.1328     322.36
    5.1452     341.81
    5.1576     362.34
      5.17     383.98
    5.1824      406.8
    5.1948     430.84
    5.2072     456.17
    5.2196     482.85
     5.232     510.95
    5.2444     540.53
    5.2568     571.66
    5.2692     604.41
    5.2816     638.87
     5.294      675.1
    5.3064      713.2
    5.3188     753.24
    5.3312     795.32
    5.3436     839.53
     5.356     885.96
    5.3684     934.72
    5.3808     985.91
    5.3932     1039.6
    5.4056       1096
     5.418     1155.2
    5.4304     1217.2
    5.4428     1282.2
    5.4552     1350.4
    5.4676     1421.9
      5.48     1496.8
    5.4924     1575.2
    5.5048     1657.4
    5.5172     1743.4
    5.5296     1833.5
     5.542     1927.8
    5.5544     2026.5
    5.5668     2129.7
    5.5792     2237.7
    5.5916     2350.6
     5.604     2468.7
    5.6164     2592.2
    5.6288     2721.2
    5.6412       2856
    5.6535     2996.9
    5.6659       3144
    5.6783     3297.6
    5.6907       3458
    5.7031     3625.5
    5.7155     3800.3
    5.7279     3982.6
    5.7403     4172.9
    5.7527     4371.4
    5.7651     4578.4
    5.7775     4794.2
    5.7899     5019.2
    5.8023     5253.7
    5.8147     5498.1
    5.8271     5752.8
    5.8395       6018
    5.8519     6294.3
    5.8643     6582.1
    5.8767     6881.6
    5.8891     7193.5
    5.9015     7518.1
    5.9139     7855.8
    5.9263     8207.3
    5.9387     8572.8
    5.9511     8953.1
    5.9635     9348.5
    5.9759     9759.7
    5.9883      10187
    6.0007      10631
    6.0131      11093
    6.0255      11573
    6.0379      12071
    6.0503      12589
    6.0627      13127
    6.0751      13685
    6.0875      14265
    6.0999      14866
    6.1123      15491
    6.1247      16139
    6.1371      16812
    6.1495      17509
    6.1619      18233
    6.1743      18984
    6.1867      19762
    6.1991      20569
    6.2115      21405
    6.2239      22273
    6.2363      23171
    6.2487      24103
    6.2611      25067
    6.2735      26067
    6.2859      27102
    6.2983      28174
    6.3107      29284
     6.323      30433
    6.3354      31623
    6.3478      32855
    6.3602      34129
    6.3726      35448
     6.385      36812
    6.3974      38224
    6.4098      39684
    6.4222      41194
    6.4346      42756
     6.447      44370
    6.4594      46039
    6.4718      47765
    6.4842      49548
    6.4966      51391
     6.509      53295
    6.5214      55263
    6.5338      57295
    6.5462      59394
    6.5586      61562
     6.571      63801
    6.5834      66113
    6.5958      68499
    6.6082      70964
    6.6206      73506
     6.633      76131
    6.6454      78839
    6.6578      81633
    6.6702      84516
    6.6826      87490
     6.695      90557
    6.7074      93720
    6.7198      96982
    6.7322 1.0035e+05
    6.7446 1.0381e+05
     6.757 1.0739e+05
    6.7694 1.1107e+05
    6.7818 1.1487e+05
    6.7942 1.1878e+05
    6.8066 1.2282e+05
     6.819 1.2697e+05
    6.8314 1.3125e+05
    6.8438 1.3566e+05
    6.8562  1.402e+05
    6.8686 1.4487e+05
     6.881 1.4969e+05
    6.8934 1.5465e+05
    6.9058 1.5975e+05
    6.9182 1.6501e+05
    6.9306 1.7041e+05
     6.943 1.7598e+05
    6.9554 1.8171e+05
    6.9678  1.876e+05
    6.9801 1.9367e+05
    6.9925 1.9991e+05
    7.0049 2.0633e+05
    7.0173 2.1293e+05
    7.0297 2.1972e+05
    7.0421  2.267e+05
    7.0545 2.3388e+05
    7.0669 2.4127e+05
    7.0793 2.4886e+05
    7.0917 2.5666e+05
    7.1041 2.6468e+05
    7.1165 2.7292e+05
    7.1289 2.8139e+05
    7.1413  2.901e+05
    7.1537 2.9904e+05
    7.1661 3.0823e+05
    7.1785 3.1768e+05
    7.1909 3.2737e+05
    7.2033 3.3734e+05
    7.2157 3.4757e+05
    7.2281 3.5807e+05
    7.2405 3.6886e+05
    7.2529 3.7994e+05
    7.2653 3.9131e+05
    7.2777 4.0299e+05
    7.2901 4.1497e+05
    7.3025 4.2727e+05
    7.3149  4.399e+05
    7.3273 4.5285e+05
    7.3397 4.6615e+05
    7.3521 4.7979e+05
    7.3645 4.9379e+05
    7.3769 5.0814e+05
    7.3893 5.2287e+05
    7.4017 5.3798e+05
    7.4141 5.5347e+05
    7.4265 5.6936e+05
    7.4389 5.8565e+05
    7.4513 6.0236e+05
    7.4637 6.1949e+05
    7.4761 6.3705e+05
    7.4885 6.5505e+05
    7.5009 6.7351e+05
    7.5133 6.9242e+05
    7.5257  7.118e+05
    7.5381 7.3167e+05
    7.5505 7.5202e+05
    7.5629 7.7287e+05
    7.5753 7.9424e+05
    7.5877 8.1614e+05
    7.6001 8.3856e+05
    7.6125 8.6153e+05
    7.6249 8.8505e+05
    7.6373 9.0915e+05
    7.6496 9.3383e+05
     7.662  9.591e+05
    7.6744 9.8497e+05
    7.6868 1.0115e+06
    7.6992 1.0386e+06
    7.7116 1.0663e+06
     7.724 1.0948e+06
    7.7364 1.1238e+06
    7.7488 1.1536e+06
    7.7612 1.1841e+06
    7.7736 1.2153e+06
     7.786 1.2472e+06
    7.7984 1.2798e+06
    7.8108 1.3132e+06
    7.8232 1.3474e+06
    7.8356 1.3823e+06
     7.848 1.4181e+06
    7.8604 1.4547e+06
    7.8728  1.492e+06
    7.8852 1.5303e+06
    7.8976 1.5694e+06
      7.91 1.6094e+06
    7.9224 1.6503e+06
    7.9348 1.6921e+06
    7.9472 1.7349e+06
    7.9596 1.7786e+06
     7.972 1.8232e+06
    7.9844 1.8689e+06
    7.9968 1.9155e+06
    8.0092 1.9632e+06
    8.0216  2.012e+06
     8.034 2.0618e+06
    8.0464 2.1127e+06
    8.0588 2.1646e+06
    8.0712 2.2178e+06
    8.0836  2.272e+06
     8.096 2.3275e+06
    8.1084 2.3841e+06
    8.1208 2.4419e+06
    8.1332  2.501e+06
    8.1456 2.5614e+06
     8.158  2.623e+06
    8.1704 2.6859e+06
    8.1828 2.7501e+06
    8.1952 2.8157e+06
    8.2076 2.8827e+06
      8.22 2.9511e+06
    8.2324 3.0209e+06
    8.2448 3.0921e+06
    8.2572 3.1649e+06
    8.2696 3.2391e+06
     8.282 3.3148e+06
    8.2944 3.3921e+06
    8.3067 3.4711e+06
    8.3191 3.5516e+06
    8.3315 3.6337e+06
    8.3439 3.7175e+06
    8.3563  3.803e+06
    8.3687 3.8903e+06
    8.3811 3.9793e+06
    8.3935 4.0701e+06
    8.4059 4.1627e+06
    8.4183 4.2571e+06
    8.4307 4.3535e+06
    8.4431 4.4517e+06
    8.4555 4.5519e+06
    8.4679 4.6541e+06
    8.4803 4.7582e+06
    8.4927 4.8645e+06
    8.5051 4.9727e+06
    8.5175 5.0832e+06
    8.5299 5.1957e+06
    8.5423 5.3105e+06
    8.5547 5.4274e+06
    8.5671 5.5467e+06
    8.5795 5.6681e+06
    8.5919  5.792e+06
    8.6043 5.9182e+06
    8.6167 6.0468e+06
    8.6291 6.1779e+06
    8.6415 6.3114e+06
    8.6539 6.4475e+06
    8.6663 6.5861e+06
    8.6787 6.7274e+06
    8.6911 6.8713e+06
    8.7035 7.0179e+06
    8.7159 7.1672e+06
    8.7283 7.3194e+06
    8.7407 7.4743e+06
    8.7531 7.6321e+06
    8.7655 7.7928e+06
    8.7779 7.9564e+06
    8.7903 8.1231e+06
    8.8027 8.2928e+06
    8.8151 8.4656e+06
    8.8275 8.6416e+06
    8.8399 8.8207e+06
    8.8523 9.0032e+06
    8.8647 9.1888e+06
    8.8771 9.3779e+06
    8.8895 9.5703e+06
    8.9019 9.7662e+06
    8.9143 9.9655e+06
    8.9267 1.0168e+07
    8.9391 1.0375e+07
    8.9515 1.0585e+07
    8.9639 1.0799e+07
    8.9762 1.1017e+07
    8.9886 1.1238e+07
     9.001 1.1464e+07
    9.0134 1.1693e+07
    9.0258 1.1926e+07
    9.0382 1.2164e+07
    9.0506 1.2405e+07
     9.063 1.2651e+07
    9.0754 1.2901e+07
    9.0878 1.3155e+07
    9.1002 1.3413e+07
    9.1126 1.3676e+07
     9.125 1.3944e+07
    9.1374 1.4216e+07
    9.1498 1.4493e+07
    9.1622 1.4774e+07
    9.1746  1.506e+07
     9.187 1.5351e+07
    9.1994 1.5647e+07
    9.2118 1.5947e+07
    9.2242 1.6253e+07
    9.2366 1.6564e+07
     9.249  1.688e+07
    9.2614 1.7201e+07
    9.2738 1.7528e+07
    9.2862  1.786e+07
    9.2986 1.8197e+07
     9.311  1.854e+07
    9.3234 1.8889e+07
    9.3358 1.9243e+07
    9.3482 1.9603e+07
    9.3606 1.9969e+07
     9.373 2.0341e+07
    9.3854 2.0719e+07
    9.3978 2.1103e+07
    9.4102 2.1493e+07
    9.4226 2.1889e+07
     9.435 2.2292e+07
    9.4474 2.2701e+07
    9.4598 2.3117e+07
    9.4722 2.3539e+07
    9.4846 2.3968e+07
     9.497 2.4403e+07
    9.5094 2.4846e+07
    9.5218 2.5296e+07
    9.5342 2.5752e+07
    9.5466 2.6216e+07
     9.559 2.6687e+07
    9.5714 2.7165e+07
    9.5838 2.7651e+07
    9.5962 2.8144e+07
    9.6086 2.8645e+07
     9.621 2.9154e+07
    9.6333  2.967e+07
    9.6457 3.0194e+07
    9.6581 3.0726e+07
    9.6705 3.1267e+07
    9.6829 3.1816e+07
    9.6953 3.2373e+07
    9.7077 3.2938e+07
    9.7201 3.3512e+07
    9.7325 3.4095e+07
    9.7449 3.4686e+07
    9.7573 3.5286e+07
    9.7697 3.5895e+07
    9.7821 3.6514e+07
    9.7945 3.7141e+07
    9.8069 3.7778e+07
    9.8193 3.8424e+07
    9.8317  3.908e+07
    9.8441 3.9746e+07
    9.8565 4.0421e+07
    9.8689 4.1106e+07
    9.8813 4.1801e+07
    9.8937 4.2507e+07
    9.9061 4.3222e+07
    9.9185 4.3948e+07
    9.9309 4.4685e+07
    9.9433 4.5432e+07
    9.9557  4.619e+07
    9.9681 4.6959e+07
    9.9805 4.7738e+07
    9.9929  4.853e+07
    10.005 4.9332e+07
    10.018 5.0146e+07
     10.03 5.0971e+07
    10.042 5.1808e+07
    10.055 5.2657e+07
    10.067 5.3518e+07
     10.08 5.4391e+07
    10.092 5.5276e+07
    10.104 5.6174e+07
    10.117 5.7084e+07
    10.129 5.8007e+07
    10.142 5.8943e+07
    10.154 5.9892e+07
    10.166 6.0854e+07
    10.179 6.1829e+07
    10.191 6.2817e+07
    10.204  6.382e+07
    10.216 6.4836e+07
    10.228 6.5866e+07
    10.241  6.691e+07
    10.253 6.7968e+07
    10.266  6.904e+07
    10.278 7.0128e+07
     10.29  7.123e+07
    10.303 7.2346e+07
    10.315 7.3478e+07
    10.328 7.4625e+07
     10.34 7.5787e+07
    10.352 7.6965e+07
    10.365 7.8159e+07
    10.377 7.9368e+07
     10.39 8.0594e+07
    10.402 8.1836e+07
    10.414 8.3094e+07
    10.427 8.4369e+07
    10.439  8.566e+07
    10.452 8.6969e+07
    10.464 8.8295e+07
    10.476 8.9638e+07
    10.489 9.0998e+07
    10.501 9.2376e+07
    10.514 9.3773e+07
    10.526 9.5187e+07
    10.538 9.6619e+07
    10.551  9.807e+07
    10.563  9.954e+07
    10.576 1.0103e+08
    10.588 1.0254e+08
      10.6 1.0406e+08
    10.613 1.0561e+08
    10.625 1.0718e+08
    10.638 1.0876e+08
     10.65 1.1037e+08
    10.662 1.1199e+08
    10.675 1.1364e+08
    10.687 1.1531e+08
      10.7   1.17e+08
    10.712 1.1871e+08
    10.724 1.2044e+08
    10.737 1.2219e+08
    10.749 1.2396e+08
    10.762 1.2576e+08
    10.774 1.2758e+08
    10.786 1.2942e+08
    10.799 1.3128e+08
    10.811 1.3317e+08
    10.824 1.3508e+08
    10.836 1.3701e+08
    10.848 1.3897e+08
    10.861 1.4095e+08
    10.873 1.4295e+08
    10.886 1.4498e+08
    10.898 1.4704e+08
     10.91 1.4912e+08
    10.923 1.5122e+08
    10.935 1.5335e+08
    10.948  1.555e+08
     10.96 1.5768e+08
    10.972 1.5989e+08
    10.985 1.6212e+08
    10.997 1.6438e+08
     11.01 1.6667e+08
    11.022 1.6898e+08
    11.034 1.7132e+08
    11.047 1.7369e+08
    11.059 1.7609e+08
    11.072 1.7851e+08
    11.084 1.8096e+08
    11.096 1.8344e+08
    11.109 1.8595e+08
    11.121 1.8849e+08
    11.134 1.9106e+08
    11.146 1.9366e+08
    11.158 1.9629e+08
    11.171 1.9895e+08
    11.183 2.0164e+08
    11.196 2.0436e+08
    11.208 2.0711e+08
     11.22  2.099e+08
    11.233 2.1271e+08
    11.245 2.1556e+08
    11.258 2.1844e+08
     11.27 2.2135e+08
    11.282  2.243e+08
    11.295 2.2728e+08
    11.307 2.3029e+08
    11.319 2.3333e+08
    11.332 2.3641e+08
    11.344 2.3953e+08
    11.357 2.4268e+08
    11.369 2.4586e+08
    11.381 2.4909e+08
    11.394 2.5234e+08
    11.406 2.5563e+08
    11.419 2.5896e+08
    11.431 2.6233e+08
    11.443 2.6573e+08
    11.456 2.6917e+08
    11.468 2.7265e+08
    11.481 2.7617e+08
    11.493 2.7972e+08
    11.505 2.8332e+08
    11.518 2.8695e+08
     11.53 2.9062e+08
    11.543 2.9433e+08
    11.555 2.9808e+08
    11.567 3.0188e+08
     11.58 3.0571e+08
    11.592 3.0958e+08
    11.605  3.135e+08
    11.617 3.1746e+08
    11.629 3.2146e+08
    11.642  3.255e+08
    11.654 3.2959e+08
    11.667 3.3372e+08
    11.679 3.3789e+08
    11.691 3.4211e+08
    11.704 3.4637e+08
    11.716 3.5068e+08
    11.729 3.5503e+08
    11.741 3.5943e+08
    11.753 3.6387e+08
    11.766 3.6836e+08
    11.778  3.729e+08
    11.791 3.7748e+08
    11.803 3.8211e+08
    11.815 3.8679e+08
    11.828 3.9152e+08
     11.84  3.963e+08
    11.853 4.0112e+08
    11.865   4.06e+08
    11.877 4.1093e+08
     11.89  4.159e+08
    11.902 4.2093e+08
    11.915 4.2601e+08
    11.927 4.3114e+08
    11.939 4.3632e+08
    11.952 4.4155e+08
    11.964 4.4684e+08
    11.977 4.5218e+08
    11.989 4.5758e+08
    12.001 4.6303e+08
    12.014 4.6853e+08
    12.026 4.7409e+08
    12.039  4.797e+08
    12.051 4.8537e+08
    12.063  4.911e+08
    12.076 4.9689e+08
    12.088 5.0273e+08
    12.101 5.0863e+08
    12.113 5.1458e+08
    12.125  5.206e+08
    12.138 5.2667e+08
     12.15 5.3281e+08
    12.163   5.39e+08
    12.175 5.4526e+08
    12.187 5.5157e+08
      12.2 5.5795e+08
    12.212 5.6439e+08
    12.225 5.7089e+08
    12.237 5.7746e+08
    12.249 5.8409e+08
    12.262 5.9078e+08
    12.274 5.9754e+08
    12.287 6.0436e+08
    12.299 6.1125e+08
    12.311  6.182e+08
    12.324 6.2522e+08
    12.336 6.3231e+08
    12.349 6.3946e+08
    12.361 6.4668e+08
    12.373 6.5397e+08
    12.386 6.6133e+08
    12.398 6.6876e+08
    12.411 6.7626e+08
    12.423 6.8383e+08
    12.435 6.9147e+08
    12.448 6.9918e+08
     12.46 7.0696e+08
    12.473 7.1482e+08
    12.485 7.2275e+08
    12.497 7.3076e+08
     12.51 7.3883e+08
    12.522 7.4699e+08
    12.535 7.5522e+08
    12.547 7.6352e+08
    12.559  7.719e+08
    12.572 7.8036e+08
    12.584  7.889e+08
    12.597  7.975e+08
    12.609 8.0619e+08
    12.621 8.1497e+08
    12.634 8.2382e+08
    12.646 8.3275e+08
    12.658 8.4176e+08
    12.671 8.5085e+08
    12.683 8.6003e+08
    12.696 8.6929e+08
    12.708 8.7864e+08
     12.72 8.8806e+08
    12.733 8.9757e+08
    12.745 9.0716e+08
    12.758 9.1684e+08
     12.77 9.2661e+08
    12.782 9.3647e+08
    12.795 9.4641e+08
    12.807 9.5644e+08
     12.82 9.6656e+08
    12.832 9.7677e+08
    12.844 9.8706e+08
    12.857 9.9745e+08
    12.869 1.0079e+09
    12.882 1.0185e+09
    12.894 1.0292e+09
    12.906 1.0399e+09
    12.919 1.0508e+09
    12.931 1.0617e+09
    12.944 1.0728e+09
    12.956 1.0839e+09
    12.968 1.0951e+09
    12.981 1.1065e+09
    12.993 1.1179e+09
    13.006 1.1294e+09
    13.018  1.141e+09
     13.03 1.1528e+09
    13.043 1.1646e+09
    13.055 1.1765e+09
    13.068 1.1885e+09
     13.08 1.2007e+09
    13.092 1.2129e+09
    13.105 1.2252e+09
    13.117 1.2377e+09
     13.13 1.2502e+09
    13.142 1.2629e+09
    13.154 1.2756e+09
    13.167 1.2885e+09
    13.179 1.3015e+09
    13.192 1.3145e+09
    13.204 1.3277e+09
    13.216  1.341e+09
    13.229 1.3545e+09
    13.241  1.368e+09
    13.254 1.3816e+09
    13.266 1.3954e+09
    13.278 1.4092e+09
    13.291 1.4232e+09
    13.303 1.4373e+09
    13.316 1.4515e+09
    13.328 1.4658e+09
     13.34 1.4803e+09
    13.353 1.4948e+09
    13.365 1.5095e+09
    13.378 1.5243e+09
     13.39 1.5392e+09
    13.402 1.5542e+09
    13.415 1.5694e+09
    13.427 1.5847e+09
     13.44 1.6001e+09
    13.452 1.6156e+09
    13.464 1.6313e+09
    13.477 1.6471e+09
    13.489  1.663e+09
    13.502  1.679e+09
    13.514 1.6952e+09
    13.526 1.7114e+09
    13.539 1.7279e+09
    13.551 1.7444e+09
    13.564 1.7611e+09
    13.576 1.7779e+09
    13.588 1.7949e+09
    13.601 1.8119e+09
    13.613 1.8292e+09
    13.626 1.8465e+09
    13.638  1.864e+09
     13.65 1.8816e+09
    13.663 1.8994e+09
    13.675 1.9173e+09
    13.688 1.9353e+09
      13.7 1.9535e+09
    13.712 1.9718e+09
    13.725 1.9903e+09
    13.737 2.0089e+09
     13.75 2.0276e+09
    13.762 2.0465e+09
    13.774 2.0655e+09
    13.787 2.0847e+09
    13.799 2.1041e+09
    13.812 2.1235e+09
    13.824 2.1432e+09
    13.836 2.1629e+09
    13.849 2.1829e+09
    13.861  2.203e+09
    13.874 2.2232e+09
    13.886 2.2436e+09
    13.898 2.2641e+09
    13.911 2.2848e+09
    13.923 2.3057e+09
    13.936 2.3267e+09
    13.948 2.3478e+09
     13.96 2.3691e+09
    13.973 2.3906e+09
    13.985 2.4123e+09
    13.997 2.4341e+09
     14.01  2.456e+09
    14.022 2.4782e+09
    14.035 2.5005e+09
    14.047 2.5229e+09
    14.059 2.5455e+09
    14.072 2.5683e+09
    14.084 2.5913e+09
    14.097 2.6144e+09
    14.109 2.6377e+09
    14.121 2.6612e+09
    14.134 2.6848e+09
    14.146 2.7086e+09
    14.159 2.7326e+09
    14.171 2.7568e+09
    14.183 2.7811e+09
    14.196 2.8056e+09
    14.208 2.8303e+09
    14.221 2.8552e+09
    14.233 2.8802e+09
    14.245 2.9055e+09
    14.258 2.9309e+09
     14.27 2.9565e+09
    14.283 2.9822e+09
    14.295 3.0082e+09
    14.307 3.0343e+09
     14.32 3.0607e+09
    14.332 3.0872e+09
    14.345 3.1139e+09
    14.357 3.1408e+09
    14.369 3.1679e+09
    14.382 3.1951e+09
    14.394 3.2226e+09
    14.407 3.2503e+09
    14.419 3.2781e+09
    14.431 3.3062e+09
    14.444 3.3344e+09
    14.456 3.3629e+09
    14.469 3.3915e+09
    14.481 3.4204e+09
    14.493 3.4494e+09
    14.506 3.4787e+09
    14.518 3.5081e+09
    14.531 3.5378e+09
    14.543 3.5676e+09
    14.555 3.5977e+09
    14.568  3.628e+09
     14.58 3.6585e+09
    14.593 3.6892e+09
    14.605 3.7201e+09
    14.617 3.7512e+09
     14.63 3.7825e+09
    14.642 3.8141e+09
    14.655 3.8458e+09
    14.667 3.8778e+09
    14.679   3.91e+09
    14.692 3.9424e+09
    14.704  3.975e+09
    14.717 4.0078e+09
    14.729 4.0409e+09
    14.741 4.0742e+09
    14.754 4.1077e+09
    14.766 4.1415e+09
    14.779 4.1754e+09
    14.791 4.2096e+09
    14.803  4.244e+09
    14.816 4.2787e+09
    14.828 4.3136e+09
    14.841 4.3487e+09
    14.853  4.384e+09
    14.865 4.4196e+09
    14.878 4.4554e+09
     14.89 4.4915e+09
    14.903 4.5278e+09
    14.915 4.5643e+09
    14.927  4.601e+09
     14.94 4.6381e+09
    14.952 4.6753e+09
    14.965 4.7128e+09
    14.977 4.7505e+09
    14.989 4.7885e+09
    15.002 4.8268e+09
    15.014 4.8652e+09
    15.027  4.904e+09
    15.039 4.9429e+09
    15.051 4.9822e+09
    15.064 5.0217e+09
    15.076 5.0614e+09
    15.089 5.1014e+09
    15.101 5.1417e+09
    15.113 5.1822e+09
    15.126 5.2229e+09
    15.138  5.264e+09
    15.151 5.3052e+09
    15.163 5.3468e+09
    15.175 5.3886e+09
    15.188 5.4307e+09
      15.2 5.4731e+09
    15.213 5.5157e+09
    15.225 5.5586e+09
    15.237 5.6017e+09
     15.25 5.6452e+09
    15.262 5.6889e+09
    15.275 5.7329e+09
    15.287 5.7771e+09
    15.299 5.8216e+09
    15.312 5.8665e+09
    15.324 5.9115e+09
    15.336 5.9569e+09
    15.349 6.0025e+09
    15.361 6.0485e+09
    15.374 6.0947e+09
    15.386 6.1412e+09
    15.398  6.188e+09
    15.411 6.2351e+09
    15.423 6.2825e+09
    15.436 6.3301e+09
    15.448 6.3781e+09
     15.46 6.4263e+09
    15.473 6.4749e+09
    15.485 6.5237e+09
    15.498 6.5729e+09
     15.51 6.6223e+09
    15.522  6.672e+09
    15.535 6.7221e+09
    15.547 6.7724e+09
     15.56 6.8231e+09
    15.572  6.874e+09
    15.584 6.9253e+09
    15.597 6.9768e+09
    15.609 7.0287e+09
    15.622 7.0809e+09
    15.634 7.1334e+09
    15.646 7.1862e+09
    15.659 7.2394e+09
    15.671 7.2928e+09
    15.684 7.3466e+09
    15.696 7.4007e+09
    15.708 7.4551e+09
    15.721 7.5099e+09
    15.733 7.5649e+09
    15.746 7.6203e+09
    15.758  7.676e+09
     15.77 7.7321e+09
    15.783 7.7884e+09
    15.795 7.8451e+09
    15.808 7.9022e+09
     15.82 7.9595e+09
    15.832 8.0172e+09
    15.845 8.0753e+09
    15.857 8.1336e+09
     15.87 8.1923e+09
    15.882 8.2514e+09
    15.894 8.3108e+09
    15.907 8.3706e+09
    15.919 8.4306e+09
    15.932 8.4911e+09
    15.944 8.5519e+09
    15.956  8.613e+09
    15.969 8.6745e+09
    15.981 8.7363e+09
    15.994 8.7985e+09
    16.006 8.8611e+09
    16.018  8.924e+09
    16.031 8.9872e+09
    16.043 9.0509e+09
    16.056 9.1149e+09
    16.068 9.1792e+09
     16.08 9.2439e+09
    16.093  9.309e+09
    16.105 9.3745e+09
    16.118 9.4403e+09
     16.13 9.5065e+09
    16.142 9.5731e+09
    16.155   9.64e+09
    16.167 9.7073e+09
     16.18  9.775e+09
    16.192  9.843e+09
    16.204 9.9115e+09
    16.217 9.9804e+09
    16.229  1.005e+10
    16.242 1.0119e+10
    16.254 1.0189e+10
    16.266  1.026e+10
    16.279  1.033e+10
    16.291 1.0401e+10
    16.304 1.0473e+10
    16.316 1.0545e+10
    16.328 1.0617e+10
    16.341  1.069e+10
    16.353 1.0763e+10
    16.366 1.0837e+10
    16.378 1.0911e+10
     16.39 1.0985e+10
    16.403  1.106e+10
    16.415 1.1135e+10
    16.428  1.121e+10
     16.44 1.1286e+10
    16.452 1.1363e+10
    16.465 1.1439e+10
    16.477 1.1517e+10
     16.49 1.1594e+10
    16.502 1.1672e+10
    16.514 1.1751e+10
    16.527  1.183e+10
    16.539 1.1909e+10
    16.552 1.1989e+10
    16.564 1.2069e+10
    16.576 1.2149e+10
    16.589  1.223e+10
    16.601 1.2312e+10
    16.613 1.2394e+10
    16.626 1.2476e+10
    16.638 1.2559e+10
    16.651 1.2642e+10
    16.663 1.2726e+10
    16.675  1.281e+10
    16.688 1.2894e+10
      16.7 1.2979e+10
    16.713 1.3065e+10
    16.725  1.315e+10
    16.737 1.3237e+10
     16.75 1.3323e+10
    16.762 1.3411e+10
    16.775 1.3498e+10
    16.787 1.3586e+10
    16.799 1.3675e+10
    16.812 1.3764e+10
    16.824 1.3854e+10
    16.837 1.3943e+10
    16.849 1.4034e+10
    16.861 1.4125e+10
    16.874 1.4216e+10
    16.886 1.4308e+10
    16.899   1.44e+10
    16.911 1.4493e+10
    16.923 1.4586e+10
    16.936  1.468e+10
    16.948 1.4774e+10
    16.961 1.4869e+10
    16.973 1.4964e+10
    16.985  1.506e+10
    16.998 1.5156e+10
     17.01 1.5252e+10
    17.023 1.5349e+10
    17.035 1.5447e+10
    17.047 1.5545e+10
     17.06 1.5644e+10
    17.072 1.5743e+10
    17.085 1.5842e+10
    17.097 1.5942e+10
    17.109 1.6043e+10
    17.122 1.6144e+10
    17.134 1.6245e+10
    17.147 1.6348e+10
    17.159  1.645e+10
    17.171 1.6553e+10
    17.184 1.6657e+10
    17.196 1.6761e+10
    17.209 1.6866e+10
    17.221 1.6971e+10
    17.233 1.7077e+10
    17.246 1.7183e+10
    17.258 1.7289e+10
    17.271 1.7397e+10
    17.283 1.7504e+10
    17.295 1.7613e+10
    17.308 1.7722e+10
     17.32 1.7831e+10
    17.333 1.7941e+10
    17.345 1.8051e+10
    17.357 1.8162e+10
     17.37 1.8274e+10
    17.382 1.8386e+10
    17.395 1.8498e+10
    17.407 1.8612e+10
    17.419 1.8725e+10
    17.432 1.8839e+10
    17.444 1.8954e+10
    17.457  1.907e+10
    17.469 1.9185e+10
    17.481 1.9302e+10
    17.494 1.9419e+10
    17.506 1.9536e+10
    17.519 1.9655e+10
    17.531 1.9773e+10
    17.543 1.9893e+10
    17.556 2.0012e+10
    17.568 2.0133e+10
    17.581 2.0254e+10
    17.593 2.0375e+10
    17.605 2.0497e+10
    17.618  2.062e+10
     17.63 2.0743e+10
    17.643 2.0867e+10
    17.655 2.0992e+10
    17.667 2.1117e+10
     17.68 2.1242e+10
    17.692 2.1368e+10
    17.705 2.1495e+10
    17.717 2.1623e+10
    17.729  2.175e+10
    17.742 2.1879e+10
    17.754 2.2008e+10
    17.767 2.2138e+10
    17.779 2.2268e+10
    17.791 2.2399e+10
    17.804 2.2531e+10
    17.816 2.2663e+10
    17.829 2.2796e+10
    17.841 2.2929e+10
    17.853 2.3063e+10
    17.866 2.3198e+10
    17.878 2.3333e+10
    17.891 2.3469e+10
    17.903 2.3605e+10
    17.915 2.3742e+10
    17.928  2.388e+10
     17.94 2.4019e+10
    17.952 2.4158e+10
    17.965 2.4297e+10
    17.977 2.4437e+10
     17.99 2.4578e+10
    18.002  2.472e+10
    18.014 2.4862e+10
    18.027 2.5005e+10
    18.039 2.5148e+10
    18.052 2.5292e+10
    18.064 2.5437e+10
    18.076 2.5582e+10
    18.089 2.5729e+10
    18.101 2.5875e+10
    18.114 2.6022e+10
    18.126 2.6171e+10
    18.138 2.6319e+10
    18.151 2.6468e+10
    18.163 2.6618e+10
    18.176 2.6769e+10
    18.188  2.692e+10
      18.2 2.7072e+10
    18.213 2.7225e+10
    18.225 2.7378e+10
    18.238 2.7532e+10
     18.25 2.7687e+10
    18.262 2.7842e+10
    18.275 2.7998e+10
    18.287 2.8155e+10
      18.3 2.8313e+10
    18.312 2.8471e+10
    18.324 2.8629e+10
    18.337 2.8789e+10
    18.349 2.8949e+10
    18.362  2.911e+10
    18.374 2.9272e+10
    18.386 2.9434e+10
    18.399 2.9597e+10
    18.411  2.976e+10
    18.424 2.9925e+10
    18.436  3.009e+10
    18.448 3.0256e+10
    18.461 3.0422e+10
    18.473 3.0589e+10
    18.486 3.0757e+10
    18.498 3.0926e+10
     18.51 3.1095e+10
    18.523 3.1265e+10
    18.535 3.1436e+10
    18.548 3.1608e+10
     18.56  3.178e+10
    18.572 3.1953e+10
    18.585 3.2127e+10
    18.597 3.2301e+10
     18.61 3.2477e+10
    18.622 3.2653e+10
    18.634 3.2829e+10
    18.647 3.3007e+10
    18.659 3.3185e+10
    18.672 3.3364e+10
    18.684 3.3543e+10
    18.696 3.3724e+10
    18.709 3.3905e+10
    18.721 3.4087e+10
    18.734  3.427e+10
    18.746 3.4453e+10
    18.758 3.4638e+10
    18.771 3.4822e+10
    18.783 3.5008e+10
    18.796 3.5195e+10
    18.808 3.5382e+10
     18.82  3.557e+10
    18.833 3.5759e+10
    18.845 3.5949e+10
    18.858 3.6139e+10
     18.87  3.633e+10
    18.882 3.6522e+10
    18.895 3.6715e+10
    18.907 3.6909e+10
     18.92 3.7103e+10
    18.932 3.7298e+10
    18.944 3.7494e+10
    18.957 3.7691e+10
    18.969 3.7888e+10
    18.982 3.8087e+10
    18.994 3.8286e+10
    19.006 3.8486e+10
    19.019 3.8686e+10
    19.031 3.8888e+10
    19.044 3.9091e+10
    19.056 3.9294e+10
    19.068 3.9498e+10
    19.081 3.9702e+10
    19.093 3.9908e+10
    19.106 4.0115e+10
    19.118 4.0322e+10
     19.13  4.053e+10
    19.143 4.0739e+10
    19.155 4.0949e+10
    19.168 4.1159e+10
     19.18 4.1371e+10
    19.192 4.1583e+10
    19.205 4.1796e+10
    19.217  4.201e+10
     19.23 4.2225e+10
    19.242 4.2441e+10
    19.254 4.2657e+10
    19.267 4.2875e+10
    19.279 4.3093e+10
    19.291 4.3312e+10
    19.304 4.3532e+10
    19.316 4.3753e+10
    19.329 4.3975e+10
    19.341 4.4197e+10
    19.353 4.4421e+10
    19.366 4.4645e+10
    19.378  4.487e+10
    19.391 4.5096e+10
    19.403 4.5323e+10
    19.415 4.5551e+10
    19.428 4.5779e+10
     19.44 4.6009e+10
    19.453  4.624e+10
    19.465 4.6471e+10
    19.477 4.6703e+10
     19.49 4.6936e+10
    19.502  4.717e+10
    19.515 4.7405e+10
    19.527 4.7641e+10
    19.539 4.7878e+10
    19.552 4.8115e+10
    19.564 4.8354e+10
    19.577 4.8593e+10
    19.589 4.8834e+10
    19.601 4.9075e+10
    19.614 4.9317e+10
    19.626  4.956e+10
    19.639 4.9804e+10
    19.651 5.0049e+10
    19.663 5.0295e+10
    19.676 5.0542e+10
    19.688 5.0789e+10
    19.701 5.1038e+10
    19.713 5.1288e+10
    19.725 5.1538e+10
    19.738  5.179e+10
     19.75 5.2042e+10
    19.763 5.2296e+10
    19.775  5.255e+10
    19.787 5.2805e+10
      19.8 5.3061e+10
    19.812 5.3319e+10
    19.825 5.3577e+10
    19.837 5.3836e+10
    19.849 5.4095e+10
    19.862 5.4357e+10
    19.874 5.4619e+10
    19.887 5.4882e+10
    19.899 5.5145e+10
    19.911  5.541e+10
    19.924 5.5676e+10
    19.936 5.5943e+10
    19.949 5.6211e+10
    19.961  5.648e+10
    19.973 5.6749e+10
    19.986  5.702e+10
    19.998 5.7292e+10
    20.011 5.7564e+10
    20.023 5.7838e+10
    20.035 5.8113e+10
    20.048 5.8388e+10
     20.06 5.8665e+10
    20.073 5.8943e+10
    20.085 5.9222e+10
    20.097 5.9501e+10
     20.11 5.9782e+10
    20.122 6.0064e+10
    20.135 6.0346e+10
    20.147  6.063e+10
    20.159 6.0915e+10
    20.172 6.1201e+10
    20.184 6.1488e+10
    20.197 6.1775e+10
    20.209 6.2064e+10
    20.221 6.2354e+10
    20.234 6.2645e+10
    20.246 6.2937e+10
    20.259  6.323e+10
    20.271 6.3524e+10
    20.283 6.3819e+10
    20.296 6.4115e+10
    20.308 6.4413e+10
    20.321 6.4711e+10
    20.333  6.501e+10
    20.345  6.531e+10
    20.358 6.5612e+10
     20.37 6.5914e+10
    20.383 6.6218e+10
    20.395 6.6522e+10
    20.407 6.6828e+10
     20.42 6.7135e+10
    20.432 6.7442e+10
    20.445 6.7752e+10
    20.457 6.8061e+10
    20.469 6.8372e+10
    20.482 6.8684e+10
    20.494 6.8997e+10
    20.507 6.9312e+10
    20.519 6.9627e+10
    20.531 6.9943e+10
    20.544 7.0261e+10
    20.556  7.058e+10
    20.569 7.0899e+10
    20.581  7.122e+10
    20.593 7.1542e+10
    20.606 7.1865e+10
    20.618 7.2189e+10
     20.63 7.2514e+10
    20.643 7.2841e+10
    20.655 7.3168e+10
    20.668 7.3497e+10
     20.68 7.3826e+10
    20.692 7.4157e+10
    20.705 7.4489e+10
    20.717 7.4822e+10
     20.73 7.5157e+10
    20.742 7.5492e+10
    20.754 7.5828e+10
    20.767 7.6166e+10
    20.779 7.6505e+10
    20.792 7.6845e+10
    20.804 7.7185e+10
    20.816 7.7528e+10
    20.829 7.7871e+10
    20.841 7.8215e+10
    20.854 7.8561e+10
    20.866 7.8908e+10
    20.878 7.9256e+10
    20.891 7.9605e+10
    20.903 7.9955e+10
    20.916 8.0306e+10
    20.928 8.0659e+10
     20.94 8.1013e+10
    20.953 8.1367e+10
    20.965 8.1724e+10
    20.978 8.2081e+10
     20.99 8.2439e+10
    21.002 8.2799e+10
    21.015  8.316e+10
    21.027 8.3522e+10
     21.04 8.3885e+10
    21.052 8.4249e+10
    21.064 8.4615e+10
    21.077 8.4982e+10
    21.089  8.535e+10
    21.102 8.5719e+10
    21.114 8.6089e+10
    21.126 8.6461e+10
    21.139 8.6834e+10
    21.151 8.7208e+10
    21.164 8.7583e+10
    21.176 8.7959e+10
    21.188 8.8337e+10
    21.201 8.8716e+10
    21.213 8.9096e+10
    21.226 8.9477e+10
    21.238  8.986e+10
     21.25 9.0244e+10
    21.263 9.0628e+10
    21.275 9.1014e+10
    21.288 9.1402e+10
      21.3 9.1791e+10
    21.312 9.2181e+10
    21.325 9.2572e+10
    21.337 9.2965e+10
     21.35 9.3358e+10
    21.362 9.3754e+10
    21.374 9.4149e+10
    21.387 9.4547e+10
    21.399 9.4946e+10
    21.412 9.5346e+10
    21.424 9.5747e+10
    21.436 9.6149e+10
    21.449 9.6553e+10
    21.461 9.6958e+10
    21.474 9.7365e+10
    21.486 9.7773e+10
    21.498 9.8181e+10
    21.511 9.8591e+10
    21.523 9.9003e+10
    21.536 9.9416e+10
    21.548  9.983e+10
     21.56 1.0025e+11
    21.573 1.0066e+11
    21.585 1.0108e+11
    21.598  1.015e+11
     21.61 1.0192e+11
    21.622 1.0234e+11
    21.635 1.0276e+11
    21.647 1.0319e+11
     21.66 1.0361e+11
    21.672 1.0404e+11
    21.684 1.0447e+11
    21.697  1.049e+11
    21.709 1.0533e+11
    21.722 1.0576e+11
    21.734  1.062e+11
    21.746 1.0663e+11
    21.759 1.0707e+11
    21.771 1.0751e+11
    21.784 1.0795e+11
    21.796 1.0839e+11
    21.808 1.0883e+11
    21.821 1.0927e+11
    21.833 1.0971e+11
    21.846 1.1016e+11
    21.858 1.1061e+11
     21.87 1.1106e+11
    21.883 1.1151e+11
    21.895 1.1196e+11
    21.908 1.1241e+11
     21.92 1.1286e+11
    21.932 1.1332e+11
    21.945 1.1378e+11
    21.957 1.1423e+11
    21.969 1.1469e+11
    21.982 1.1515e+11
    21.994 1.1562e+11
    22.007 1.1608e+11
    22.019 1.1654e+11
    22.031 1.1701e+11
    22.044 1.1748e+11
    22.056 1.1795e+11
    22.069 1.1842e+11
    22.081 1.1889e+11
    22.093 1.1936e+11
    22.106 1.1984e+11
    22.118 1.2031e+11
    22.131 1.2079e+11
    22.143 1.2127e+11
    22.155 1.2175e+11
    22.168 1.2223e+11
     22.18 1.2272e+11
    22.193  1.232e+11
    22.205 1.2369e+11
    22.217 1.2417e+11
     22.23 1.2466e+11
    22.242 1.2515e+11
    22.255 1.2564e+11
    22.267 1.2614e+11
    22.279 1.2663e+11
    22.292 1.2713e+11
    22.304 1.2762e+11
    22.317 1.2812e+11
    22.329 1.2862e+11
    22.341 1.2913e+11
    22.354 1.2963e+11
    22.366 1.3013e+11
    22.379 1.3064e+11
    22.391 1.3115e+11
    22.403 1.3166e+11
    22.416 1.3217e+11
    22.428 1.3268e+11
    22.441 1.3319e+11
    22.453 1.3371e+11
    22.465 1.3422e+11
    22.478 1.3474e+11
     22.49 1.3526e+11
    22.503 1.3578e+11
    22.515 1.3631e+11
    22.527 1.3683e+11
     22.54 1.3735e+11
    22.552 1.3788e+11
    22.565 1.3841e+11
    22.577 1.3894e+11
    22.589 1.3947e+11
    22.602    1.4e+11
    22.614 1.4054e+11
    22.627 1.4107e+11
    22.639 1.4161e+11
    22.651 1.4215e+11
    22.664 1.4269e+11
    22.676 1.4323e+11
    22.689 1.4378e+11
    22.701 1.4432e+11
    22.713 1.4487e+11
    22.726 1.4541e+11
    22.738 1.4596e+11
    22.751 1.4652e+11
    22.763 1.4707e+11
    22.775 1.4762e+11
    22.788 1.4818e+11
      22.8 1.4873e+11
    22.813 1.4929e+11
    22.825 1.4985e+11
    22.837 1.5042e+11
     22.85 1.5098e+11
    22.862 1.5154e+11
    22.875 1.5211e+11
    22.887 1.5268e+11
    22.899 1.5325e+11
    22.912 1.5382e+11
    22.924 1.5439e+11
    22.937 1.5497e+11
    22.949 1.5554e+11
    22.961 1.5612e+11
    22.974  1.567e+11
    22.986 1.5728e+11
    22.999 1.5786e+11
    23.011 1.5845e+11
    23.023 1.5903e+11
    23.036 1.5962e+11
    23.048 1.6021e+11
    23.061  1.608e+11
    23.073 1.6139e+11
    23.085 1.6198e+11
    23.098 1.6258e+11
     23.11 1.6317e+11
    23.123 1.6377e+11
    23.135 1.6437e+11
    23.147 1.6497e+11
     23.16 1.6558e+11
    23.172 1.6618e+11
    23.185 1.6679e+11
    23.197 1.6739e+11
    23.209   1.68e+11
    23.222 1.6862e+11
    23.234 1.6923e+11
    23.247 1.6984e+11
    23.259 1.7046e+11
    23.271 1.7108e+11
    23.284 1.7169e+11
    23.296 1.7232e+11
    23.308 1.7294e+11
    23.321 1.7356e+11
    23.333 1.7419e+11
    23.346 1.7482e+11
    23.358 1.7544e+11
     23.37 1.7608e+11
    23.383 1.7671e+11
    23.395 1.7734e+11
    23.408 1.7798e+11
     23.42 1.7862e+11
    23.432 1.7925e+11
    23.445  1.799e+11
    23.457 1.8054e+11
     23.47 1.8118e+11
    23.482 1.8183e+11
    23.494 1.8248e+11
    23.507 1.8313e+11
    23.519 1.8378e+11
    23.532 1.8443e+11
    23.544 1.8508e+11
    23.556 1.8574e+11
    23.569  1.864e+11
    23.581 1.8706e+11
    23.594 1.8772e+11
    23.606 1.8838e+11
    23.618 1.8904e+11
    23.631 1.8971e+11
    23.643 1.9038e+11
    23.656 1.9105e+11
    23.668 1.9172e+11
     23.68 1.9239e+11
    23.693 1.9307e+11
    23.705 1.9374e+11
    23.718 1.9442e+11
     23.73  1.951e+11
    23.742 1.9578e+11
    23.755 1.9647e+11
    23.767 1.9715e+11
     23.78 1.9784e+11
    23.792 1.9853e+11
    23.804 1.9922e+11
    23.817 1.9991e+11
    23.829  2.006e+11
    23.842  2.013e+11
    23.854   2.02e+11
    23.866  2.027e+11
    23.879  2.034e+11
    23.891  2.041e+11
    23.904  2.048e+11
    23.916 2.0551e+11
    23.928 2.0622e+11
    23.941 2.0693e+11
    23.953 2.0764e+11
    23.966 2.0835e+11
    23.978 2.0907e+11
     23.99 2.0979e+11
    24.003  2.105e+11
    24.015 2.1122e+11
    24.028 2.1195e+11
     24.04 2.1267e+11
    24.052  2.134e+11
    24.065 2.1412e+11
    24.077 2.1485e+11
     24.09 2.1559e+11
    24.102 2.1632e+11
    24.114 2.1705e+11
    24.127 2.1779e+11
    24.139 2.1853e+11
    24.152 2.1927e+11
    24.164 2.2001e+11
    24.176 2.2075e+11
    24.189  2.215e+11
    24.201 2.2225e+11
    24.214   2.23e+11
    24.226 2.2375e+11
    24.238  2.245e+11
    24.251 2.2526e+11
    24.263 2.2601e+11
    24.276 2.2677e+11
    24.288 2.2753e+11
      24.3 2.2829e+11
    24.313 2.2906e+11
    24.325 2.2982e+11
    24.338 2.3059e+11
     24.35 2.3136e+11
    24.362 2.3213e+11
    24.375 2.3291e+11
    24.387 2.3368e+11
      24.4 2.3446e+11
    24.412 2.3524e+11
    24.424 2.3602e+11
    24.437  2.368e+11
    24.449 2.3758e+11
    24.462 2.3837e+11
    24.474 2.3916e+11
    24.486 2.3995e+11
    24.499 2.4074e+11
    24.511 2.4154e+11
    24.524 2.4233e+11
    24.536 2.4313e+11
    24.548 2.4393e+11
    24.561 2.4473e+11
    24.573 2.4553e+11
    24.585 2.4634e+11
    24.598 2.4715e+11
     24.61 2.4795e+11
    24.623 2.4877e+11
    24.635 2.4958e+11
    24.647 2.5039e+11
     24.66 2.5121e+11
    24.672 2.5203e+11
    24.685 2.5285e+11
    24.697 2.5367e+11
    24.709  2.545e+11
    24.722 2.5532e+11
    24.734 2.5615e+11
    24.747 2.5698e+11
    24.759 2.5781e+11
    24.771 2.5865e+11
    24.784 2.5948e+11
    24.796 2.6032e+11
    24.809 2.6116e+11
    24.821   2.62e+11
    24.833 2.6285e+11
    24.846 2.6369e+11
    24.858 2.6454e+11
    24.871 2.6539e+11
    24.883 2.6624e+11
    24.895 2.6709e+11
    24.908 2.6795e+11
     24.92 2.6881e+11
    24.933 2.6967e+11
    24.945 2.7053e+11
    24.957 2.7139e+11
     24.97 2.7226e+11
    24.982 2.7312e+11
    24.995 2.7399e+11
    25.007 2.7486e+11
    25.019 2.7574e+11
    25.032 2.7661e+11
    25.044 2.7749e+11
    25.057 2.7837e+11
    25.069 2.7925e+11
    25.081 2.8013e+11
    25.094 2.8102e+11
    25.106 2.8191e+11
    25.119  2.828e+11
    25.131 2.8369e+11
    25.143 2.8458e+11
    25.156 2.8547e+11
    25.168 2.8637e+11
    25.181 2.8727e+11
    25.193 2.8817e+11
    25.205 2.8908e+11
    25.218 2.8998e+11
     25.23 2.9089e+11
    25.243  2.918e+11
    25.255 2.9271e+11
    25.267 2.9362e+11
     25.28 2.9454e+11
    25.292 2.9545e+11
    25.305 2.9637e+11
    25.317  2.973e+11
    25.329 2.9822e+11
    25.342 2.9915e+11
    25.354 3.0007e+11
    25.367   3.01e+11
    25.379 3.0193e+11
    25.391 3.0287e+11
    25.404  3.038e+11
    25.416 3.0474e+11
    25.429 3.0568e+11
    25.441 3.0663e+11
    25.453 3.0757e+11
    25.466 3.0852e+11
    25.478 3.0946e+11
    25.491 3.1041e+11
    25.503 3.1137e+11
    25.515 3.1232e+11
    25.528 3.1328e+11
     25.54 3.1424e+11
    25.553  3.152e+11
    25.565 3.1616e+11
    25.577 3.1713e+11
     25.59 3.1809e+11
    25.602 3.1906e+11
    25.615 3.2003e+11
    25.627 3.2101e+11
    25.639 3.2198e+11
    25.652 3.2296e+11
    25.664 3.2394e+11
    25.677 3.2492e+11
    25.689  3.259e+11
    25.701 3.2689e+11
    25.714 3.2788e+11
    25.726 3.2887e+11
    25.739 3.2986e+11
    25.751 3.3085e+11
    25.763 3.3185e+11
    25.776 3.3285e+11
    25.788 3.3385e+11
    25.801 3.3485e+11
    25.813 3.3586e+11
    25.825 3.3687e+11
    25.838 3.3788e+11
     25.85 3.3889e+11
    25.863  3.399e+11
    25.875 3.4092e+11
    25.887 3.4193e+11
      25.9 3.4295e+11
    25.912 3.4398e+11
    25.924   3.45e+11
    25.937 3.4603e+11
    25.949 3.4706e+11
    25.962 3.4809e+11
    25.974 3.4912e+11
    25.986 3.5015e+11
    25.999 3.5119e+11
    26.011 3.5223e+11
    26.024 3.5327e+11
    26.036 3.5432e+11
    26.048 3.5536e+11
    26.061 3.5641e+11
    26.073 3.5746e+11
    26.086 3.5851e+11
    26.098 3.5957e+11
     26.11 3.6062e+11
    26.123 3.6168e+11
    26.135 3.6275e+11
    26.148 3.6381e+11
     26.16 3.6488e+11
    26.172 3.6595e+11
    26.185 3.6701e+11
    26.197 3.6808e+11
     26.21 3.6916e+11
    26.222 3.7024e+11
    26.234 3.7132e+11
    26.247  3.724e+11
    26.259 3.7348e+11
    26.272 3.7457e+11
    26.284 3.7566e+11
    26.296 3.7674e+11
    26.309 3.7783e+11
    26.321 3.7893e+11
    26.334 3.8003e+11
    26.346 3.8113e+11
    26.358 3.8223e+11
    26.371 3.8333e+11
    26.383 3.8444e+11
    26.396 3.8555e+11
    26.408 3.8665e+11
     26.42 3.8777e+11
    26.433 3.8888e+11
    26.445    3.9e+11
    26.458 3.9112e+11
     26.47 3.9224e+11
    26.482 3.9336e+11
    26.495 3.9449e+11
    26.507 3.9562e+11
     26.52 3.9675e+11
    26.532 3.9788e+11
    26.544 3.9902e+11
    26.557 4.0015e+11
    26.569 4.0129e+11
    26.582 4.0243e+11
    26.594 4.0358e+11
    26.606 4.0472e+11
    26.619 4.0587e+11
    26.631 4.0702e+11
    26.644 4.0818e+11
    26.656 4.0933e+11
    26.668 4.1049e+11
    26.681 4.1165e+11
    26.693 4.1281e+11
    26.706 4.1398e+11
    26.718 4.1514e+11
     26.73 4.1631e+11
    26.743 4.1748e+11
    26.755 4.1866e+11
    26.768 4.1983e+11
     26.78 4.2101e+11
    26.792 4.2219e+11
    26.805 4.2338e+11
    26.817 4.2456e+11
     26.83 4.2575e+11
    26.842 4.2694e+11
    26.854 4.2813e+11
    26.867 4.2933e+11
    26.879 4.3052e+11
    26.892 4.3172e+11
    26.904 4.3293e+11
    26.916 4.3413e+11
    26.929 4.3534e+11
    26.941 4.3654e+11
    26.954 4.3776e+11
    26.966 4.3897e+11
    26.978 4.4018e+11
    26.991  4.414e+11
    27.003 4.4262e+11
    27.016 4.4385e+11
    27.028 4.4507e+11
     27.04  4.463e+11
    27.053 4.4753e+11
    27.065 4.4876e+11
    27.078 4.4999e+11
     27.09 4.5123e+11
    27.102 4.5247e+11
    27.115 4.5371e+11
    27.127 4.5496e+11
     27.14  4.562e+11
    27.152 4.5745e+11
    27.164  4.587e+11
    27.177 4.5996e+11
    27.189 4.6121e+11
    27.202 4.6247e+11
    27.214 4.6373e+11
    27.226 4.6499e+11
    27.239 4.6626e+11
    27.251 4.6753e+11
    27.263  4.688e+11
    27.276 4.7007e+11
    27.288 4.7134e+11
    27.301 4.7262e+11
    27.313  4.739e+11
    27.325 4.7518e+11
    27.338 4.7647e+11
     27.35 4.7775e+11
    27.363 4.7904e+11
    27.375 4.8034e+11
    27.387 4.8163e+11
      27.4 4.8293e+11
    27.412 4.8423e+11
    27.425 4.8553e+11
    27.437 4.8683e+11
    27.449 4.8814e+11
    27.462 4.8945e+11
    27.474 4.9076e+11
    27.487 4.9207e+11
    27.499 4.9339e+11
    27.511  4.947e+11
    27.524 4.9602e+11
    27.536 4.9735e+11
    27.549 4.9867e+11
    27.561      5e+11
    27.573 5.0133e+11
    27.586 5.0267e+11
    27.598   5.04e+11
    27.611 5.0534e+11
    27.623 5.0668e+11
    27.635 5.0802e+11
    27.648 5.0937e+11
     27.66 5.1072e+11
    27.673 5.1207e+11
    27.685 5.1342e+11
    27.697 5.1477e+11
     27.71 5.1613e+11
    27.722 5.1749e+11
    27.735 5.1886e+11
    27.747 5.2022e+11
    27.759 5.2159e+11
    27.772 5.2296e+11
    27.784 5.2433e+11
    27.797 5.2571e+11
    27.809 5.2708e+11
    27.821 5.2846e+11
    27.834 5.2985e+11
    27.846 5.3123e+11
    27.859 5.3262e+11
    27.871 5.3401e+11
    27.883  5.354e+11
    27.896  5.368e+11
    27.908 5.3819e+11
    27.921 5.3959e+11
    27.933 5.4099e+11
    27.945  5.424e+11
    27.958 5.4381e+11
     27.97 5.4522e+11
    27.983 5.4663e+11
    27.995 5.4805e+11
    28.007 5.4946e+11
     28.02 5.5088e+11
    28.032  5.523e+11
    28.045 5.5373e+11
    28.057 5.5516e+11
    28.069 5.5659e+11
    28.082 5.5802e+11
    28.094 5.5945e+11
    28.107 5.6089e+11
    28.119 5.6233e+11
    28.131 5.6377e+11
    28.144 5.6522e+11
    28.156 5.6667e+11
    28.169 5.6812e+11
    28.181 5.6957e+11
    28.193 5.7103e+11
    28.206 5.7248e+11
    28.218 5.7394e+11
    28.231 5.7541e+11
    28.243 5.7687e+11
    28.255 5.7834e+11
    28.268 5.7981e+11
     28.28 5.8129e+11
    28.293 5.8276e+11
    28.305 5.8424e+11
    28.317 5.8572e+11
     28.33 5.8721e+11
    28.342 5.8869e+11
    28.355 5.9018e+11
    28.367 5.9167e+11
    28.379 5.9317e+11
    28.392 5.9466e+11
    28.404 5.9616e+11
    28.417 5.9766e+11
    28.429 5.9917e+11
    28.441 6.0067e+11
    28.454 6.0218e+11
    28.466 6.0369e+11
    28.479 6.0521e+11
    28.491 6.0673e+11
    28.503 6.0824e+11
    28.516 6.0977e+11
    28.528 6.1129e+11
    28.541 6.1282e+11
    28.553 6.1435e+11
    28.565 6.1588e+11
    28.578 6.1742e+11
     28.59 6.1896e+11
    28.602  6.205e+11
    28.615 6.2204e+11
    28.627 6.2359e+11
     28.64 6.2513e+11
    28.652 6.2669e+11
    28.664 6.2824e+11
    28.677 6.2979e+11
    28.689 6.3135e+11
    28.702 6.3291e+11
    28.714 6.3448e+11
    28.726 6.3604e+11
    28.739 6.3761e+11
    28.751 6.3919e+11
    28.764 6.4076e+11
    28.776 6.4234e+11
    28.788 6.4392e+11
    28.801  6.455e+11
    28.813 6.4709e+11
    28.826 6.4867e+11
    28.838 6.5026e+11
     28.85 6.5186e+11
    28.863 6.5345e+11
    28.875 6.5505e+11
    28.888 6.5665e+11
      28.9 6.5825e+11
    28.912 6.5986e+11
    28.925 6.6147e+11
    28.937 6.6308e+11
     28.95  6.647e+11
    28.962 6.6631e+11
    28.974 6.6793e+11
    28.987 6.6956e+11
    28.999 6.7118e+11
    29.012 6.7281e+11
    29.024 6.7443e+11
    29.036 6.7607e+11
    29.049  6.777e+11
    29.061 6.7935e+11
    29.074 6.8098e+11
    29.086 6.8263e+11
    29.098 6.8427e+11
    29.111 6.8593e+11
    29.123 6.8758e+11
    29.136 6.8923e+11
    29.148 6.9089e+11
     29.16 6.9255e+11
    29.173 6.9421e+11
    29.185 6.9587e+11
    29.198 6.9754e+11
     29.21 6.9922e+11
    29.222 7.0089e+11
    29.235 7.0256e+11
    29.247 7.0424e+11
     29.26 7.0592e+11
    29.272 7.0761e+11
    29.284 7.0929e+11
    29.297 7.1098e+11
    29.309 7.1268e+11
    29.322 7.1437e+11
    29.334 7.1607e+11
    29.346 7.1777e+11
    29.359 7.1947e+11
    29.371 7.2118e+11
    29.384 7.2288e+11
    29.396  7.246e+11
    29.408 7.2631e+11
    29.421 7.2803e+11
    29.433 7.2975e+11
    29.446 7.3147e+11
    29.458  7.332e+11
     29.47 7.3492e+11
    29.483 7.3666e+11
    29.495 7.3839e+11
    29.508 7.4012e+11
     29.52 7.4186e+11
    29.532  7.436e+11
    29.545 7.4534e+11
    29.557 7.4709e+11
     29.57 7.4884e+11
    29.582 7.5059e+11
    29.594 7.5235e+11
    29.607 7.5411e+11
    29.619 7.5587e+11
    29.632 7.5763e+11
    29.644  7.594e+11
    29.656 7.6117e+11
    29.669 7.6294e+11
    29.681 7.6471e+11
    29.694 7.6649e+11
    29.706 7.6827e+11
    29.718 7.7005e+11
    29.731 7.7184e+11
    29.743 7.7363e+11
    29.756 7.7542e+11
    29.768 7.7721e+11
     29.78 7.7901e+11
    29.793  7.808e+11
    29.805 7.8261e+11
    29.818 7.8441e+11
     29.83 7.8622e+11
    29.842 7.8803e+11
    29.855 7.8984e+11
    29.867 7.9166e+11
     29.88 7.9348e+11
    29.892  7.953e+11
    29.904 7.9712e+11
    29.917 7.9895e+11
    29.929 8.0078e+11
    29.941 8.0261e+11
    29.954 8.0445e+11
    29.966 8.0629e+11
    29.979 8.0813e+11
    29.991 8.0997e+11
    30.003 8.1182e+11
