RRKM rate, sf=0.970, S*=-15.69, E0=0.48 and Delta=-0.14
   En (eV)    k (s-1)
         0          0
  0.012398          0
  0.024796          0
  0.037194          0
  0.049593          0
  0.061991          0
  0.074389          0
  0.086787          0
  0.099185          0
   0.11158          0
   0.12398          0
   0.13638          0
   0.14878          0
   0.16118          0
   0.17357          0
   0.18597          0
   0.19837          0
   0.21077          0
   0.22317          0
   0.23556          0
   0.24796          0
   0.26036          0
   0.27276          0
   0.28516          0
   0.29756          0
   0.30995          0
   0.32235          0
   0.33475          0
   0.34715          0
   0.35955          0
   0.37194          0
   0.38434          0
   0.39674          0
   0.40914          0
   0.42154          0
   0.43393          0
   0.44633          0
   0.45873          0
   0.47113          0
   0.48353      30919
   0.49593      67617
   0.50832 1.4836e+05
   0.52072 2.4189e+05
   0.53312 3.8273e+05
   0.54552 5.5847e+05
   0.55792 7.9282e+05
   0.57031 1.0941e+06
   0.58271 1.4704e+06
   0.59511 1.9383e+06
   0.60751 2.5018e+06
   0.61991 3.1795e+06
    0.6323 3.9812e+06
    0.6447 4.9261e+06
    0.6571 6.0262e+06
    0.6695 7.3021e+06
    0.6819 8.7659e+06
    0.6943  1.044e+07
   0.70669 1.2337e+07
   0.71909 1.4481e+07
   0.73149 1.6889e+07
   0.74389 1.9582e+07
   0.75629 2.2582e+07
   0.76868 2.5909e+07
   0.78108 2.9586e+07
   0.79348 3.3635e+07
   0.80588 3.8079e+07
   0.81828 4.2943e+07
   0.83067  4.825e+07
   0.84307 5.4026e+07
   0.85547 6.0294e+07
   0.86787 6.7082e+07
   0.88027 7.4414e+07
   0.89267 8.2318e+07
   0.90506 9.0818e+07
   0.91746 9.9945e+07
   0.92986 1.0972e+08
   0.94226 1.2018e+08
   0.95466 1.3135e+08
   0.96705 1.4325e+08
   0.97945 1.5592e+08
   0.99185 1.6938e+08
    1.0042 1.8367e+08
    1.0166 1.9881e+08
     1.029 2.1483e+08
    1.0414 2.3176e+08
    1.0538 2.4963e+08
    1.0662 2.6847e+08
    1.0786 2.8832e+08
     1.091 3.0919e+08
    1.1034 3.3113e+08
    1.1158 3.5416e+08
    1.1282 3.7831e+08
    1.1406 4.0362e+08
     1.153  4.301e+08
    1.1654 4.5781e+08
    1.1778 4.8676e+08
    1.1902 5.1698e+08
    1.2026 5.4851e+08
     1.215 5.8138e+08
    1.2274 6.1562e+08
    1.2398 6.5125e+08
    1.2522 6.8831e+08
    1.2646 7.2684e+08
     1.277 7.6685e+08
    1.2894 8.0839e+08
    1.3018 8.5147e+08
    1.3142 8.9614e+08
    1.3266 9.4242e+08
     1.339 9.9034e+08
    1.3514 1.0399e+09
    1.3638 1.0912e+09
    1.3762 1.1443e+09
    1.3886  1.199e+09
     1.401 1.2556e+09
    1.4134  1.314e+09
    1.4258 1.3743e+09
    1.4382 1.4364e+09
    1.4506 1.5005e+09
     1.463 1.5664e+09
    1.4754 1.6344e+09
    1.4878 1.7043e+09
    1.5002 1.7763e+09
    1.5126 1.8503e+09
     1.525 1.9264e+09
    1.5374 2.0045e+09
    1.5498 2.0849e+09
    1.5622 2.1674e+09
    1.5746  2.252e+09
     1.587 2.3389e+09
    1.5994 2.4281e+09
    1.6118 2.5195e+09
    1.6242 2.6132e+09
    1.6366 2.7092e+09
     1.649 2.8076e+09
    1.6613 2.9083e+09
    1.6737 3.0114e+09
    1.6861  3.117e+09
    1.6985  3.225e+09
    1.7109 3.3355e+09
    1.7233 3.4485e+09
    1.7357  3.564e+09
    1.7481 3.6821e+09
    1.7605 3.8027e+09
    1.7729 3.9259e+09
    1.7853 4.0518e+09
    1.7977 4.1803e+09
    1.8101 4.3114e+09
    1.8225 4.4453e+09
    1.8349 4.5818e+09
    1.8473 4.7211e+09
    1.8597 4.8631e+09
    1.8721  5.008e+09
    1.8845 5.1556e+09
    1.8969  5.306e+09
    1.9093 5.4593e+09
    1.9217 5.6154e+09
    1.9341 5.7744e+09
    1.9465 5.9364e+09
    1.9589 6.1012e+09
    1.9713  6.269e+09
    1.9837 6.4398e+09
    1.9961 6.6135e+09
    2.0085 6.7902e+09
    2.0209 6.9699e+09
    2.0333 7.1527e+09
    2.0457 7.3386e+09
    2.0581 7.5276e+09
    2.0705 7.7195e+09
    2.0829 7.9147e+09
    2.0953  8.113e+09
    2.1077 8.3144e+09
    2.1201 8.5189e+09
    2.1325 8.7267e+09
    2.1449 8.9376e+09
    2.1573 9.1518e+09
    2.1697 9.3692e+09
    2.1821 9.5898e+09
    2.1945 9.8137e+09
    2.2069 1.0041e+10
    2.2193 1.0271e+10
    2.2317 1.0505e+10
    2.2441 1.0742e+10
    2.2565 1.0983e+10
    2.2689 1.1226e+10
    2.2813 1.1474e+10
    2.2937 1.1724e+10
    2.3061 1.1978e+10
    2.3185 1.2235e+10
    2.3308 1.2496e+10
    2.3432  1.276e+10
    2.3556 1.3028e+10
     2.368 1.3299e+10
    2.3804 1.3574e+10
    2.3928 1.3852e+10
    2.4052 1.4133e+10
    2.4176 1.4418e+10
      2.43 1.4707e+10
    2.4424 1.4999e+10
    2.4548 1.5294e+10
    2.4672 1.5594e+10
    2.4796 1.5896e+10
     2.492 1.6203e+10
    2.5044 1.6512e+10
    2.5168 1.6826e+10
    2.5292 1.7143e+10
    2.5416 1.7464e+10
     2.554 1.7788e+10
    2.5664 1.8116e+10
    2.5788 1.8448e+10
    2.5912 1.8783e+10
    2.6036 1.9122e+10
     2.616 1.9464e+10
    2.6284 1.9811e+10
    2.6408  2.016e+10
    2.6532 2.0514e+10
    2.6656 2.0871e+10
     2.678 2.1232e+10
    2.6904 2.1597e+10
    2.7028 2.1966e+10
    2.7152 2.2338e+10
    2.7276 2.2714e+10
      2.74 2.3093e+10
    2.7524 2.3477e+10
    2.7648 2.3864e+10
    2.7772 2.4255e+10
    2.7896  2.465e+10
     2.802 2.5048e+10
    2.8144  2.545e+10
    2.8268 2.5856e+10
    2.8392 2.6266e+10
    2.8516  2.668e+10
     2.864 2.7097e+10
    2.8764 2.7519e+10
    2.8888 2.7943e+10
    2.9012 2.8372e+10
    2.9136 2.8805e+10
     2.926 2.9242e+10
    2.9384 2.9682e+10
    2.9508 3.0126e+10
    2.9632 3.0574e+10
    2.9756 3.1026e+10
     2.988 3.1482e+10
    3.0003 3.1942e+10
    3.0127 3.2405e+10
    3.0251 3.2872e+10
    3.0375 3.3343e+10
    3.0499 3.3818e+10
    3.0623 3.4297e+10
    3.0747  3.478e+10
    3.0871 3.5267e+10
    3.0995 3.5757e+10
    3.1119 3.6252e+10
    3.1243  3.675e+10
    3.1367 3.7252e+10
    3.1491 3.7758e+10
    3.1615 3.8268e+10
    3.1739 3.8782e+10
    3.1863 3.9299e+10
    3.1987 3.9821e+10
    3.2111 4.0346e+10
    3.2235 4.0876e+10
    3.2359 4.1409e+10
    3.2483 4.1946e+10
    3.2607 4.2487e+10
    3.2731 4.3032e+10
    3.2855 4.3581e+10
    3.2979 4.4133e+10
    3.3103  4.469e+10
    3.3227  4.525e+10
    3.3351 4.5815e+10
    3.3475 4.6383e+10
    3.3599 4.6955e+10
    3.3723 4.7531e+10
    3.3847 4.8111e+10
    3.3971 4.8695e+10
    3.4095 4.9283e+10
    3.4219 4.9875e+10
    3.4343  5.047e+10
    3.4467  5.107e+10
    3.4591 5.1673e+10
    3.4715  5.228e+10
    3.4839 5.2892e+10
    3.4963 5.3507e+10
    3.5087 5.4126e+10
    3.5211 5.4748e+10
    3.5335 5.5375e+10
    3.5459 5.6006e+10
    3.5583  5.664e+10
    3.5707 5.7278e+10
    3.5831 5.7921e+10
    3.5955 5.8567e+10
    3.6079 5.9217e+10
    3.6203 5.9871e+10
    3.6327 6.0529e+10
    3.6451  6.119e+10
    3.6574 6.1856e+10
    3.6698 6.2525e+10
    3.6822 6.3198e+10
    3.6946 6.3875e+10
     3.707 6.4556e+10
    3.7194 6.5241e+10
    3.7318  6.593e+10
    3.7442 6.6622e+10
    3.7566 6.7319e+10
     3.769 6.8019e+10
    3.7814 6.8723e+10
    3.7938 6.9431e+10
    3.8062 7.0143e+10
    3.8186 7.0858e+10
     3.831 7.1577e+10
    3.8434 7.2301e+10
    3.8558 7.3028e+10
    3.8682 7.3759e+10
    3.8806 7.4494e+10
     3.893 7.5232e+10
    3.9054 7.5974e+10
    3.9178 7.6721e+10
    3.9302  7.747e+10
    3.9426 7.8224e+10
     3.955 7.8982e+10
    3.9674 7.9743e+10
    3.9798 8.0508e+10
    3.9922 8.1277e+10
    4.0046 8.2049e+10
     4.017 8.2826e+10
    4.0294 8.3607e+10
    4.0418  8.439e+10
    4.0542 8.5178e+10
    4.0666  8.597e+10
     4.079 8.6765e+10
    4.0914 8.7564e+10
    4.1038 8.8366e+10
    4.1162 8.9173e+10
    4.1286 8.9983e+10
     4.141 9.0797e+10
    4.1534 9.1615e+10
    4.1658 9.2436e+10
    4.1782 9.3261e+10
    4.1906  9.409e+10
     4.203 9.4923e+10
    4.2154 9.5759e+10
    4.2278 9.6599e+10
    4.2402 9.7443e+10
    4.2526  9.829e+10
     4.265 9.9141e+10
    4.2774 9.9996e+10
    4.2898 1.0085e+11
    4.3022 1.0172e+11
    4.3146 1.0258e+11
    4.3269 1.0345e+11
    4.3393 1.0432e+11
    4.3517  1.052e+11
    4.3641 1.0608e+11
    4.3765 1.0696e+11
    4.3889 1.0785e+11
    4.4013 1.0874e+11
    4.4137 1.0964e+11
    4.4261 1.1054e+11
    4.4385 1.1144e+11
    4.4509 1.1234e+11
    4.4633 1.1325e+11
    4.4757 1.1417e+11
    4.4881 1.1508e+11
    4.5005   1.16e+11
    4.5129 1.1693e+11
    4.5253 1.1785e+11
    4.5377 1.1878e+11
    4.5501 1.1972e+11
    4.5625 1.2065e+11
    4.5749  1.216e+11
    4.5873 1.2254e+11
    4.5997 1.2349e+11
    4.6121 1.2444e+11
    4.6245  1.254e+11
    4.6369 1.2636e+11
    4.6493 1.2732e+11
    4.6617 1.2828e+11
    4.6741 1.2925e+11
    4.6865 1.3023e+11
    4.6989  1.312e+11
    4.7113 1.3218e+11
    4.7237 1.3316e+11
    4.7361 1.3415e+11
    4.7485 1.3514e+11
    4.7609 1.3614e+11
    4.7733 1.3713e+11
    4.7857 1.3813e+11
    4.7981 1.3914e+11
    4.8105 1.4014e+11
    4.8229 1.4115e+11
    4.8353 1.4217e+11
    4.8477 1.4319e+11
    4.8601 1.4421e+11
    4.8725 1.4523e+11
    4.8849 1.4626e+11
    4.8973 1.4729e+11
    4.9097 1.4832e+11
    4.9221 1.4936e+11
    4.9345  1.504e+11
    4.9469 1.5145e+11
    4.9593  1.525e+11
    4.9717 1.5355e+11
     4.984  1.546e+11
    4.9964 1.5566e+11
    5.0088 1.5672e+11
    5.0212 1.5779e+11
    5.0336 1.5885e+11
     5.046 1.5992e+11
    5.0584   1.61e+11
    5.0708 1.6208e+11
    5.0832 1.6316e+11
    5.0956 1.6424e+11
     5.108 1.6533e+11
    5.1204 1.6642e+11
    5.1328 1.6751e+11
    5.1452 1.6861e+11
    5.1576 1.6971e+11
      5.17 1.7081e+11
    5.1824 1.7192e+11
    5.1948 1.7303e+11
    5.2072 1.7414e+11
    5.2196 1.7526e+11
     5.232 1.7638e+11
    5.2444  1.775e+11
    5.2568 1.7863e+11
    5.2692 1.7976e+11
    5.2816 1.8089e+11
     5.294 1.8202e+11
    5.3064 1.8316e+11
    5.3188 1.8431e+11
    5.3312 1.8545e+11
    5.3436  1.866e+11
     5.356 1.8775e+11
    5.3684  1.889e+11
    5.3808 1.9006e+11
    5.3932 1.9122e+11
    5.4056 1.9239e+11
     5.418 1.9355e+11
    5.4304 1.9472e+11
    5.4428 1.9589e+11
    5.4552 1.9707e+11
    5.4676 1.9825e+11
      5.48 1.9943e+11
    5.4924 2.0062e+11
    5.5048  2.018e+11
    5.5172 2.0299e+11
    5.5296 2.0419e+11
     5.542 2.0539e+11
    5.5544 2.0659e+11
    5.5668 2.0779e+11
    5.5792 2.0899e+11
    5.5916  2.102e+11
     5.604 2.1142e+11
    5.6164 2.1263e+11
    5.6288 2.1385e+11
    5.6412 2.1507e+11
    5.6535 2.1629e+11
    5.6659 2.1752e+11
    5.6783 2.1875e+11
    5.6907 2.1998e+11
    5.7031 2.2122e+11
    5.7155 2.2246e+11
    5.7279  2.237e+11
    5.7403 2.2494e+11
    5.7527 2.2619e+11
    5.7651 2.2744e+11
    5.7775 2.2869e+11
    5.7899 2.2995e+11
    5.8023  2.312e+11
    5.8147 2.3247e+11
    5.8271 2.3373e+11
    5.8395   2.35e+11
    5.8519 2.3627e+11
    5.8643 2.3754e+11
    5.8767 2.3882e+11
    5.8891 2.4009e+11
    5.9015 2.4137e+11
    5.9139 2.4266e+11
    5.9263 2.4394e+11
    5.9387 2.4524e+11
    5.9511 2.4653e+11
    5.9635 2.4782e+11
    5.9759 2.4912e+11
    5.9883 2.5042e+11
    6.0007 2.5172e+11
    6.0131 2.5303e+11
    6.0255 2.5434e+11
    6.0379 2.5565e+11
    6.0503 2.5696e+11
    6.0627 2.5828e+11
    6.0751  2.596e+11
    6.0875 2.6092e+11
    6.0999 2.6225e+11
    6.1123 2.6357e+11
    6.1247  2.649e+11
    6.1371 2.6624e+11
    6.1495 2.6757e+11
    6.1619 2.6891e+11
    6.1743 2.7025e+11
    6.1867  2.716e+11
    6.1991 2.7294e+11
    6.2115 2.7429e+11
    6.2239 2.7564e+11
    6.2363   2.77e+11
    6.2487 2.7835e+11
    6.2611 2.7971e+11
    6.2735 2.8107e+11
    6.2859 2.8244e+11
    6.2983  2.838e+11
    6.3107 2.8517e+11
     6.323 2.8655e+11
    6.3354 2.8792e+11
    6.3478  2.893e+11
    6.3602 2.9068e+11
    6.3726 2.9206e+11
     6.385 2.9344e+11
    6.3974 2.9483e+11
    6.4098 2.9622e+11
    6.4222 2.9761e+11
    6.4346 2.9901e+11
     6.447  3.004e+11
    6.4594  3.018e+11
    6.4718 3.0321e+11
    6.4842 3.0461e+11
    6.4966 3.0602e+11
     6.509 3.0743e+11
    6.5214 3.0884e+11
    6.5338 3.1025e+11
    6.5462 3.1167e+11
    6.5586 3.1309e+11
     6.571 3.1451e+11
    6.5834 3.1593e+11
    6.5958 3.1736e+11
    6.6082 3.1879e+11
    6.6206 3.2022e+11
     6.633 3.2165e+11
    6.6454 3.2309e+11
    6.6578 3.2453e+11
    6.6702 3.2597e+11
    6.6826 3.2741e+11
     6.695 3.2886e+11
    6.7074  3.303e+11
    6.7198 3.3175e+11
    6.7322 3.3321e+11
    6.7446 3.3466e+11
     6.757 3.3612e+11
    6.7694 3.3758e+11
    6.7818 3.3904e+11
    6.7942  3.405e+11
    6.8066 3.4197e+11
     6.819 3.4344e+11
    6.8314 3.4491e+11
    6.8438 3.4638e+11
    6.8562 3.4785e+11
    6.8686 3.4933e+11
     6.881 3.5081e+11
    6.8934 3.5229e+11
    6.9058 3.5378e+11
    6.9182 3.5527e+11
    6.9306 3.5675e+11
     6.943 3.5824e+11
    6.9554 3.5973e+11
    6.9678 3.6123e+11
    6.9801 3.6273e+11
    6.9925 3.6423e+11
    7.0049 3.6573e+11
    7.0173 3.6723e+11
    7.0297 3.6874e+11
    7.0421 3.7025e+11
    7.0545 3.7176e+11
    7.0669 3.7327e+11
    7.0793 3.7478e+11
    7.0917  3.763e+11
    7.1041 3.7782e+11
    7.1165 3.7934e+11
    7.1289 3.8086e+11
    7.1413 3.8239e+11
    7.1537 3.8391e+11
    7.1661 3.8544e+11
    7.1785 3.8697e+11
    7.1909 3.8851e+11
    7.2033 3.9004e+11
    7.2157 3.9158e+11
    7.2281 3.9312e+11
    7.2405 3.9466e+11
    7.2529 3.9621e+11
    7.2653 3.9775e+11
    7.2777  3.993e+11
    7.2901 4.0085e+11
    7.3025  4.024e+11
    7.3149 4.0396e+11
    7.3273 4.0551e+11
    7.3397 4.0707e+11
    7.3521 4.0863e+11
    7.3645 4.1019e+11
    7.3769 4.1175e+11
    7.3893 4.1332e+11
    7.4017 4.1489e+11
    7.4141 4.1645e+11
    7.4265 4.1803e+11
    7.4389  4.196e+11
    7.4513 4.2117e+11
    7.4637 4.2275e+11
    7.4761 4.2433e+11
    7.4885 4.2591e+11
    7.5009  4.275e+11
    7.5133 4.2908e+11
    7.5257 4.3067e+11
    7.5381 4.3226e+11
    7.5505 4.3385e+11
    7.5629 4.3544e+11
    7.5753 4.3703e+11
    7.5877 4.3863e+11
    7.6001 4.4023e+11
    7.6125 4.4183e+11
    7.6249 4.4343e+11
    7.6373 4.4503e+11
    7.6496 4.4664e+11
     7.662 4.4824e+11
    7.6744 4.4985e+11
    7.6868 4.5146e+11
    7.6992 4.5308e+11
    7.7116 4.5469e+11
     7.724 4.5631e+11
    7.7364 4.5792e+11
    7.7488 4.5954e+11
    7.7612 4.6117e+11
    7.7736 4.6279e+11
     7.786 4.6442e+11
    7.7984 4.6604e+11
    7.8108 4.6767e+11
    7.8232  4.693e+11
    7.8356 4.7093e+11
     7.848 4.7257e+11
    7.8604  4.742e+11
    7.8728 4.7584e+11
    7.8852 4.7748e+11
    7.8976 4.7912e+11
      7.91 4.8076e+11
    7.9224 4.8241e+11
    7.9348 4.8405e+11
    7.9472  4.857e+11
    7.9596 4.8735e+11
     7.972   4.89e+11
    7.9844 4.9065e+11
    7.9968 4.9231e+11
    8.0092 4.9396e+11
    8.0216 4.9562e+11
     8.034 4.9728e+11
    8.0464 4.9894e+11
    8.0588  5.006e+11
    8.0712 5.0226e+11
    8.0836 5.0393e+11
     8.096  5.056e+11
    8.1084 5.0727e+11
    8.1208 5.0894e+11
    8.1332 5.1061e+11
    8.1456 5.1228e+11
     8.158 5.1396e+11
    8.1704 5.1564e+11
    8.1828 5.1731e+11
    8.1952 5.1899e+11
    8.2076 5.2067e+11
      8.22 5.2236e+11
    8.2324 5.2404e+11
    8.2448 5.2573e+11
    8.2572 5.2742e+11
    8.2696 5.2911e+11
     8.282  5.308e+11
    8.2944 5.3249e+11
    8.3067 5.3418e+11
    8.3191 5.3588e+11
    8.3315 5.3758e+11
    8.3439 5.3928e+11
    8.3563 5.4097e+11
    8.3687 5.4268e+11
    8.3811 5.4438e+11
    8.3935 5.4608e+11
    8.4059 5.4779e+11
    8.4183  5.495e+11
    8.4307  5.512e+11
    8.4431 5.5292e+11
    8.4555 5.5463e+11
    8.4679 5.5634e+11
    8.4803 5.5806e+11
    8.4927 5.5977e+11
    8.5051 5.6149e+11
    8.5175 5.6321e+11
    8.5299 5.6493e+11
    8.5423 5.6665e+11
    8.5547 5.6837e+11
    8.5671  5.701e+11
    8.5795 5.7182e+11
    8.5919 5.7355e+11
    8.6043 5.7528e+11
    8.6167 5.7701e+11
    8.6291 5.7874e+11
    8.6415 5.8047e+11
    8.6539 5.8221e+11
    8.6663 5.8394e+11
    8.6787 5.8568e+11
    8.6911 5.8742e+11
    8.7035 5.8916e+11
    8.7159  5.909e+11
    8.7283 5.9264e+11
    8.7407 5.9438e+11
    8.7531 5.9613e+11
    8.7655 5.9788e+11
    8.7779 5.9962e+11
    8.7903 6.0137e+11
    8.8027 6.0312e+11
    8.8151 6.0487e+11
    8.8275 6.0662e+11
    8.8399 6.0838e+11
    8.8523 6.1013e+11
    8.8647 6.1189e+11
    8.8771 6.1365e+11
    8.8895 6.1541e+11
    8.9019 6.1717e+11
    8.9143 6.1893e+11
    8.9267 6.2069e+11
    8.9391 6.2246e+11
    8.9515 6.2422e+11
    8.9639 6.2599e+11
    8.9762 6.2776e+11
    8.9886 6.2953e+11
     9.001  6.313e+11
    9.0134 6.3307e+11
    9.0258 6.3484e+11
    9.0382 6.3662e+11
    9.0506 6.3839e+11
     9.063 6.4017e+11
    9.0754 6.4195e+11
    9.0878 6.4372e+11
    9.1002  6.455e+11
    9.1126 6.4728e+11
     9.125 6.4907e+11
    9.1374 6.5085e+11
    9.1498 6.5263e+11
    9.1622 6.5442e+11
    9.1746 6.5621e+11
     9.187   6.58e+11
    9.1994 6.5978e+11
    9.2118 6.6157e+11
    9.2242 6.6337e+11
    9.2366 6.6516e+11
     9.249 6.6695e+11
    9.2614 6.6875e+11
    9.2738 6.7054e+11
    9.2862 6.7234e+11
    9.2986 6.7414e+11
     9.311 6.7594e+11
    9.3234 6.7774e+11
    9.3358 6.7954e+11
    9.3482 6.8134e+11
    9.3606 6.8314e+11
     9.373 6.8495e+11
    9.3854 6.8675e+11
    9.3978 6.8856e+11
    9.4102 6.9037e+11
    9.4226 6.9218e+11
     9.435 6.9399e+11
    9.4474  6.958e+11
    9.4598 6.9761e+11
    9.4722 6.9942e+11
    9.4846 7.0124e+11
     9.497 7.0306e+11
    9.5094 7.0487e+11
    9.5218 7.0669e+11
    9.5342 7.0851e+11
    9.5466 7.1032e+11
     9.559 7.1214e+11
    9.5714 7.1397e+11
    9.5838 7.1579e+11
    9.5962 7.1761e+11
    9.6086 7.1944e+11
     9.621 7.2126e+11
    9.6333 7.2309e+11
    9.6457 7.2492e+11
    9.6581 7.2674e+11
    9.6705 7.2857e+11
    9.6829  7.304e+11
    9.6953 7.3223e+11
    9.7077 7.3407e+11
    9.7201  7.359e+11
    9.7325 7.3773e+11
    9.7449 7.3957e+11
    9.7573  7.414e+11
    9.7697 7.4324e+11
    9.7821 7.4508e+11
    9.7945 7.4691e+11
    9.8069 7.4875e+11
    9.8193  7.506e+11
    9.8317 7.5244e+11
    9.8441 7.5428e+11
    9.8565 7.5612e+11
    9.8689 7.5797e+11
    9.8813 7.5981e+11
    9.8937 7.6166e+11
    9.9061  7.635e+11
    9.9185 7.6535e+11
    9.9309  7.672e+11
    9.9433 7.6905e+11
    9.9557  7.709e+11
    9.9681 7.7275e+11
    9.9805  7.746e+11
    9.9929 7.7645e+11
    10.005 7.7831e+11
    10.018 7.8016e+11
     10.03 7.8202e+11
    10.042 7.8388e+11
    10.055 7.8573e+11
    10.067 7.8759e+11
     10.08 7.8945e+11
    10.092 7.9131e+11
    10.104 7.9317e+11
    10.117 7.9503e+11
    10.129 7.9689e+11
    10.142 7.9875e+11
    10.154 8.0062e+11
    10.166 8.0248e+11
    10.179 8.0435e+11
    10.191 8.0621e+11
    10.204 8.0808e+11
    10.216 8.0995e+11
    10.228 8.1182e+11
    10.241 8.1369e+11
    10.253 8.1555e+11
    10.266 8.1742e+11
    10.278  8.193e+11
     10.29 8.2117e+11
    10.303 8.2304e+11
    10.315 8.2491e+11
    10.328 8.2679e+11
     10.34 8.2866e+11
    10.352 8.3054e+11
    10.365 8.3242e+11
    10.377 8.3429e+11
     10.39 8.3617e+11
    10.402 8.3805e+11
    10.414 8.3993e+11
    10.427 8.4181e+11
    10.439 8.4369e+11
    10.452 8.4557e+11
    10.464 8.4745e+11
    10.476 8.4934e+11
    10.489 8.5122e+11
    10.501  8.531e+11
    10.514 8.5499e+11
    10.526 8.5688e+11
    10.538 8.5876e+11
    10.551 8.6065e+11
    10.563 8.6254e+11
    10.576 8.6443e+11
    10.588 8.6632e+11
      10.6 8.6821e+11
    10.613  8.701e+11
    10.625 8.7199e+11
    10.638 8.7388e+11
     10.65 8.7577e+11
    10.662 8.7766e+11
    10.675 8.7956e+11
    10.687 8.8145e+11
      10.7 8.8335e+11
    10.712 8.8524e+11
    10.724 8.8714e+11
    10.737 8.8903e+11
    10.749 8.9094e+11
    10.762 8.9283e+11
    10.774 8.9473e+11
    10.786 8.9663e+11
    10.799 8.9853e+11
    10.811 9.0043e+11
    10.824 9.0233e+11
    10.836 9.0423e+11
    10.848 9.0614e+11
    10.861 9.0804e+11
    10.873 9.0994e+11
    10.886 9.1185e+11
    10.898 9.1375e+11
     10.91 9.1566e+11
    10.923 9.1756e+11
    10.935 9.1947e+11
    10.948 9.2138e+11
     10.96 9.2328e+11
    10.972 9.2519e+11
    10.985  9.271e+11
    10.997 9.2901e+11
     11.01 9.3092e+11
    11.022 9.3283e+11
    11.034 9.3474e+11
    11.047 9.3665e+11
    11.059 9.3857e+11
    11.072 9.4048e+11
    11.084 9.4239e+11
    11.096  9.443e+11
    11.109 9.4622e+11
    11.121 9.4813e+11
    11.134 9.5004e+11
    11.146 9.5196e+11
    11.158 9.5388e+11
    11.171 9.5579e+11
    11.183 9.5771e+11
    11.196 9.5963e+11
    11.208 9.6155e+11
     11.22 9.6347e+11
    11.233 9.6538e+11
    11.245 9.6731e+11
    11.258 9.6922e+11
     11.27 9.7115e+11
    11.282 9.7306e+11
    11.295 9.7499e+11
    11.307 9.7691e+11
    11.319 9.7883e+11
    11.332 9.8075e+11
    11.344 9.8268e+11
    11.357  9.846e+11
    11.369 9.8652e+11
    11.381 9.8845e+11
    11.394 9.9037e+11
    11.406  9.923e+11
    11.419 9.9423e+11
    11.431 9.9615e+11
    11.443 9.9808e+11
    11.456      1e+12
    11.468 1.0019e+12
    11.481 1.0039e+12
    11.493 1.0058e+12
    11.505 1.0077e+12
    11.518 1.0097e+12
     11.53 1.0116e+12
    11.543 1.0135e+12
    11.555 1.0154e+12
    11.567 1.0174e+12
     11.58 1.0193e+12
    11.592 1.0212e+12
    11.605 1.0232e+12
    11.617 1.0251e+12
    11.629  1.027e+12
    11.642  1.029e+12
    11.654 1.0309e+12
    11.667 1.0328e+12
    11.679 1.0348e+12
    11.691 1.0367e+12
    11.704 1.0386e+12
    11.716 1.0406e+12
    11.729 1.0425e+12
    11.741 1.0444e+12
    11.753 1.0464e+12
    11.766 1.0483e+12
    11.778 1.0503e+12
    11.791 1.0522e+12
    11.803 1.0541e+12
    11.815 1.0561e+12
    11.828  1.058e+12
     11.84   1.06e+12
    11.853 1.0619e+12
    11.865 1.0638e+12
    11.877 1.0658e+12
     11.89 1.0677e+12
    11.902 1.0697e+12
    11.915 1.0716e+12
    11.927 1.0735e+12
    11.939 1.0755e+12
    11.952 1.0774e+12
    11.964 1.0794e+12
    11.977 1.0813e+12
    11.989 1.0832e+12
    12.001 1.0852e+12
    12.014 1.0871e+12
    12.026 1.0891e+12
    12.039  1.091e+12
    12.051  1.093e+12
    12.063 1.0949e+12
    12.076 1.0969e+12
    12.088 1.0988e+12
    12.101 1.1007e+12
    12.113 1.1027e+12
    12.125 1.1046e+12
    12.138 1.1066e+12
     12.15 1.1085e+12
    12.163 1.1105e+12
    12.175 1.1124e+12
    12.187 1.1144e+12
      12.2 1.1163e+12
    12.212 1.1183e+12
    12.225 1.1202e+12
    12.237 1.1222e+12
    12.249 1.1241e+12
    12.262 1.1261e+12
    12.274  1.128e+12
    12.287   1.13e+12
    12.299 1.1319e+12
    12.311 1.1339e+12
    12.324 1.1358e+12
    12.336 1.1378e+12
    12.349 1.1397e+12
    12.361 1.1417e+12
    12.373 1.1436e+12
    12.386 1.1456e+12
    12.398 1.1475e+12
    12.411 1.1495e+12
    12.423 1.1514e+12
    12.435 1.1534e+12
    12.448 1.1553e+12
     12.46 1.1573e+12
    12.473 1.1592e+12
    12.485 1.1612e+12
    12.497 1.1631e+12
     12.51 1.1651e+12
    12.522 1.1671e+12
    12.535  1.169e+12
    12.547  1.171e+12
    12.559 1.1729e+12
    12.572 1.1749e+12
    12.584 1.1768e+12
    12.597 1.1788e+12
    12.609 1.1807e+12
    12.621 1.1827e+12
    12.634 1.1846e+12
    12.646 1.1866e+12
    12.658 1.1886e+12
    12.671 1.1905e+12
    12.683 1.1925e+12
    12.696 1.1944e+12
    12.708 1.1964e+12
     12.72 1.1983e+12
    12.733 1.2003e+12
    12.745 1.2022e+12
    12.758 1.2042e+12
     12.77 1.2062e+12
    12.782 1.2081e+12
    12.795 1.2101e+12
    12.807  1.212e+12
     12.82  1.214e+12
    12.832 1.2159e+12
    12.844 1.2179e+12
    12.857 1.2199e+12
    12.869 1.2218e+12
    12.882 1.2238e+12
    12.894 1.2257e+12
    12.906 1.2277e+12
    12.919 1.2297e+12
    12.931 1.2316e+12
    12.944 1.2336e+12
    12.956 1.2355e+12
    12.968 1.2375e+12
    12.981 1.2395e+12
    12.993 1.2414e+12
    13.006 1.2434e+12
    13.018 1.2453e+12
     13.03 1.2473e+12
    13.043 1.2493e+12
    13.055 1.2512e+12
    13.068 1.2532e+12
     13.08 1.2551e+12
    13.092 1.2571e+12
    13.105 1.2591e+12
    13.117  1.261e+12
     13.13  1.263e+12
    13.142 1.2649e+12
    13.154 1.2669e+12
    13.167 1.2689e+12
    13.179 1.2708e+12
    13.192 1.2728e+12
    13.204 1.2747e+12
    13.216 1.2767e+12
    13.229 1.2787e+12
    13.241 1.2806e+12
    13.254 1.2826e+12
    13.266 1.2845e+12
    13.278 1.2865e+12
    13.291 1.2885e+12
    13.303 1.2904e+12
    13.316 1.2924e+12
    13.328 1.2944e+12
     13.34 1.2963e+12
    13.353 1.2983e+12
    13.365 1.3002e+12
    13.378 1.3022e+12
     13.39 1.3042e+12
    13.402 1.3061e+12
    13.415 1.3081e+12
    13.427   1.31e+12
     13.44  1.312e+12
    13.452  1.314e+12
    13.464 1.3159e+12
    13.477 1.3179e+12
    13.489 1.3199e+12
    13.502 1.3218e+12
    13.514 1.3238e+12
    13.526 1.3257e+12
    13.539 1.3277e+12
    13.551 1.3297e+12
    13.564 1.3316e+12
    13.576 1.3336e+12
    13.588 1.3355e+12
    13.601 1.3375e+12
    13.613 1.3395e+12
    13.626 1.3414e+12
    13.638 1.3434e+12
     13.65 1.3454e+12
    13.663 1.3473e+12
    13.675 1.3493e+12
    13.688 1.3513e+12
      13.7 1.3532e+12
    13.712 1.3552e+12
    13.725 1.3571e+12
    13.737 1.3591e+12
     13.75 1.3611e+12
    13.762  1.363e+12
    13.774  1.365e+12
    13.787 1.3669e+12
    13.799 1.3689e+12
    13.812 1.3709e+12
    13.824 1.3728e+12
    13.836 1.3748e+12
    13.849 1.3768e+12
    13.861 1.3787e+12
    13.874 1.3807e+12
    13.886 1.3826e+12
    13.898 1.3846e+12
    13.911 1.3866e+12
    13.923 1.3885e+12
    13.936 1.3905e+12
    13.948 1.3924e+12
     13.96 1.3944e+12
    13.973 1.3964e+12
    13.985 1.3983e+12
    13.997 1.4003e+12
     14.01 1.4023e+12
    14.022 1.4042e+12
    14.035 1.4062e+12
    14.047 1.4081e+12
    14.059 1.4101e+12
    14.072 1.4121e+12
    14.084  1.414e+12
    14.097  1.416e+12
    14.109  1.418e+12
    14.121 1.4199e+12
    14.134 1.4219e+12
    14.146 1.4238e+12
    14.159 1.4258e+12
    14.171 1.4278e+12
    14.183 1.4297e+12
    14.196 1.4317e+12
    14.208 1.4336e+12
    14.221 1.4356e+12
    14.233 1.4376e+12
    14.245 1.4395e+12
    14.258 1.4415e+12
     14.27 1.4434e+12
    14.283 1.4454e+12
    14.295 1.4473e+12
    14.307 1.4493e+12
     14.32 1.4513e+12
    14.332 1.4532e+12
    14.345 1.4552e+12
    14.357 1.4571e+12
    14.369 1.4591e+12
    14.382 1.4611e+12
    14.394  1.463e+12
    14.407  1.465e+12
    14.419 1.4669e+12
    14.431 1.4689e+12
    14.444 1.4709e+12
    14.456 1.4728e+12
    14.469 1.4748e+12
    14.481 1.4767e+12
    14.493 1.4787e+12
    14.506 1.4807e+12
    14.518 1.4826e+12
    14.531 1.4846e+12
    14.543 1.4865e+12
    14.555 1.4885e+12
    14.568 1.4904e+12
     14.58 1.4924e+12
    14.593 1.4944e+12
    14.605 1.4963e+12
    14.617 1.4983e+12
     14.63 1.5002e+12
    14.642 1.5022e+12
    14.655 1.5041e+12
    14.667 1.5061e+12
    14.679 1.5081e+12
    14.692   1.51e+12
    14.704  1.512e+12
    14.717 1.5139e+12
    14.729 1.5159e+12
    14.741 1.5178e+12
    14.754 1.5198e+12
    14.766 1.5217e+12
    14.779 1.5237e+12
    14.791 1.5256e+12
    14.803 1.5276e+12
    14.816 1.5296e+12
    14.828 1.5315e+12
    14.841 1.5335e+12
    14.853 1.5354e+12
    14.865 1.5374e+12
    14.878 1.5393e+12
     14.89 1.5413e+12
    14.903 1.5432e+12
    14.915 1.5452e+12
    14.927 1.5471e+12
     14.94 1.5491e+12
    14.952  1.551e+12
    14.965  1.553e+12
    14.977 1.5549e+12
    14.989 1.5569e+12
    15.002 1.5589e+12
    15.014 1.5608e+12
    15.027 1.5628e+12
    15.039 1.5647e+12
    15.051 1.5667e+12
    15.064 1.5686e+12
    15.076 1.5706e+12
    15.089 1.5725e+12
    15.101 1.5745e+12
    15.113 1.5764e+12
    15.126 1.5784e+12
    15.138 1.5803e+12
    15.151 1.5823e+12
    15.163 1.5842e+12
    15.175 1.5862e+12
    15.188 1.5881e+12
      15.2 1.5901e+12
    15.213  1.592e+12
    15.225  1.594e+12
    15.237 1.5959e+12
     15.25 1.5979e+12
    15.262 1.5998e+12
    15.275 1.6017e+12
    15.287 1.6037e+12
    15.299 1.6056e+12
    15.312 1.6076e+12
    15.324 1.6095e+12
    15.336 1.6115e+12
    15.349 1.6134e+12
    15.361 1.6154e+12
    15.374 1.6173e+12
    15.386 1.6193e+12
    15.398 1.6212e+12
    15.411 1.6232e+12
    15.423 1.6251e+12
    15.436  1.627e+12
    15.448  1.629e+12
     15.46 1.6309e+12
    15.473 1.6329e+12
    15.485 1.6348e+12
    15.498 1.6368e+12
     15.51 1.6387e+12
    15.522 1.6407e+12
    15.535 1.6426e+12
    15.547 1.6445e+12
     15.56 1.6465e+12
    15.572 1.6484e+12
    15.584 1.6504e+12
    15.597 1.6523e+12
    15.609 1.6543e+12
    15.622 1.6562e+12
    15.634 1.6581e+12
    15.646 1.6601e+12
    15.659  1.662e+12
    15.671  1.664e+12
    15.684 1.6659e+12
    15.696 1.6678e+12
    15.708 1.6698e+12
    15.721 1.6717e+12
    15.733 1.6737e+12
    15.746 1.6756e+12
    15.758 1.6775e+12
     15.77 1.6795e+12
    15.783 1.6814e+12
    15.795 1.6834e+12
    15.808 1.6853e+12
     15.82 1.6872e+12
    15.832 1.6892e+12
    15.845 1.6911e+12
    15.857  1.693e+12
     15.87  1.695e+12
    15.882 1.6969e+12
    15.894 1.6988e+12
    15.907 1.7008e+12
    15.919 1.7027e+12
    15.932 1.7047e+12
    15.944 1.7066e+12
    15.956 1.7085e+12
    15.969 1.7105e+12
    15.981 1.7124e+12
    15.994 1.7143e+12
    16.006 1.7163e+12
    16.018 1.7182e+12
    16.031 1.7201e+12
    16.043 1.7221e+12
    16.056  1.724e+12
    16.068 1.7259e+12
     16.08 1.7279e+12
    16.093 1.7298e+12
    16.105 1.7317e+12
    16.118 1.7337e+12
     16.13 1.7356e+12
    16.142 1.7375e+12
    16.155 1.7394e+12
    16.167 1.7414e+12
     16.18 1.7433e+12
    16.192 1.7452e+12
    16.204 1.7472e+12
    16.217 1.7491e+12
    16.229  1.751e+12
    16.242 1.7529e+12
    16.254 1.7549e+12
    16.266 1.7568e+12
    16.279 1.7587e+12
    16.291 1.7606e+12
    16.304 1.7626e+12
    16.316 1.7645e+12
    16.328 1.7664e+12
    16.341 1.7684e+12
    16.353 1.7703e+12
    16.366 1.7722e+12
    16.378 1.7741e+12
     16.39 1.7761e+12
    16.403  1.778e+12
    16.415 1.7799e+12
    16.428 1.7818e+12
     16.44 1.7838e+12
    16.452 1.7857e+12
    16.465 1.7876e+12
    16.477 1.7895e+12
     16.49 1.7914e+12
    16.502 1.7934e+12
    16.514 1.7953e+12
    16.527 1.7972e+12
    16.539 1.7991e+12
    16.552  1.801e+12
    16.564  1.803e+12
    16.576 1.8049e+12
    16.589 1.8068e+12
    16.601 1.8087e+12
    16.613 1.8107e+12
    16.626 1.8126e+12
    16.638 1.8145e+12
    16.651 1.8164e+12
    16.663 1.8183e+12
    16.675 1.8202e+12
    16.688 1.8222e+12
      16.7 1.8241e+12
    16.713  1.826e+12
    16.725 1.8279e+12
    16.737 1.8298e+12
     16.75 1.8317e+12
    16.762 1.8337e+12
    16.775 1.8356e+12
    16.787 1.8375e+12
    16.799 1.8394e+12
    16.812 1.8413e+12
    16.824 1.8432e+12
    16.837 1.8451e+12
    16.849 1.8471e+12
    16.861  1.849e+12
    16.874 1.8509e+12
    16.886 1.8528e+12
    16.899 1.8547e+12
    16.911 1.8566e+12
    16.923 1.8585e+12
    16.936 1.8604e+12
    16.948 1.8623e+12
    16.961 1.8643e+12
    16.973 1.8662e+12
    16.985 1.8681e+12
    16.998   1.87e+12
     17.01 1.8719e+12
    17.023 1.8738e+12
    17.035 1.8757e+12
    17.047 1.8776e+12
     17.06 1.8795e+12
    17.072 1.8814e+12
    17.085 1.8833e+12
    17.097 1.8852e+12
    17.109 1.8871e+12
    17.122  1.889e+12
    17.134 1.8909e+12
    17.147 1.8929e+12
    17.159 1.8948e+12
    17.171 1.8967e+12
    17.184 1.8986e+12
    17.196 1.9005e+12
    17.209 1.9024e+12
    17.221 1.9043e+12
    17.233 1.9062e+12
    17.246 1.9081e+12
    17.258   1.91e+12
    17.271 1.9119e+12
    17.283 1.9138e+12
    17.295 1.9157e+12
    17.308 1.9176e+12
     17.32 1.9195e+12
    17.333 1.9214e+12
    17.345 1.9233e+12
    17.357 1.9252e+12
     17.37 1.9271e+12
    17.382  1.929e+12
    17.395 1.9309e+12
    17.407 1.9328e+12
    17.419 1.9347e+12
    17.432 1.9366e+12
    17.444 1.9384e+12
    17.457 1.9403e+12
    17.469 1.9422e+12
    17.481 1.9441e+12
    17.494  1.946e+12
    17.506 1.9479e+12
    17.519 1.9498e+12
    17.531 1.9517e+12
    17.543 1.9536e+12
    17.556 1.9555e+12
    17.568 1.9574e+12
    17.581 1.9593e+12
    17.593 1.9612e+12
    17.605 1.9631e+12
    17.618 1.9649e+12
     17.63 1.9668e+12
    17.643 1.9687e+12
    17.655 1.9706e+12
    17.667 1.9725e+12
     17.68 1.9744e+12
    17.692 1.9763e+12
    17.705 1.9782e+12
    17.717 1.9801e+12
    17.729 1.9819e+12
    17.742 1.9838e+12
    17.754 1.9857e+12
    17.767 1.9876e+12
    17.779 1.9895e+12
    17.791 1.9914e+12
    17.804 1.9933e+12
    17.816 1.9951e+12
    17.829  1.997e+12
    17.841 1.9989e+12
    17.853 2.0008e+12
    17.866 2.0027e+12
    17.878 2.0046e+12
    17.891 2.0064e+12
    17.903 2.0083e+12
    17.915 2.0102e+12
    17.928 2.0121e+12
     17.94  2.014e+12
    17.952 2.0158e+12
    17.965 2.0177e+12
    17.977 2.0196e+12
     17.99 2.0215e+12
    18.002 2.0234e+12
    18.014 2.0252e+12
    18.027 2.0271e+12
    18.039  2.029e+12
    18.052 2.0309e+12
    18.064 2.0327e+12
    18.076 2.0346e+12
    18.089 2.0365e+12
    18.101 2.0384e+12
    18.114 2.0402e+12
    18.126 2.0421e+12
    18.138  2.044e+12
    18.151 2.0459e+12
    18.163 2.0477e+12
    18.176 2.0496e+12
    18.188 2.0515e+12
      18.2 2.0533e+12
    18.213 2.0552e+12
    18.225 2.0571e+12
    18.238  2.059e+12
     18.25 2.0608e+12
    18.262 2.0627e+12
    18.275 2.0646e+12
    18.287 2.0664e+12
      18.3 2.0683e+12
    18.312 2.0702e+12
    18.324  2.072e+12
    18.337 2.0739e+12
    18.349 2.0758e+12
    18.362 2.0776e+12
    18.374 2.0795e+12
    18.386 2.0814e+12
    18.399 2.0832e+12
    18.411 2.0851e+12
    18.424  2.087e+12
    18.436 2.0888e+12
    18.448 2.0907e+12
    18.461 2.0926e+12
    18.473 2.0944e+12
    18.486 2.0963e+12
    18.498 2.0981e+12
     18.51    2.1e+12
    18.523 2.1019e+12
    18.535 2.1037e+12
    18.548 2.1056e+12
     18.56 2.1074e+12
    18.572 2.1093e+12
    18.585 2.1112e+12
    18.597  2.113e+12
     18.61 2.1149e+12
    18.622 2.1167e+12
    18.634 2.1186e+12
    18.647 2.1204e+12
    18.659 2.1223e+12
    18.672 2.1242e+12
    18.684  2.126e+12
    18.696 2.1279e+12
    18.709 2.1297e+12
    18.721 2.1316e+12
    18.734 2.1334e+12
    18.746 2.1353e+12
    18.758 2.1371e+12
    18.771  2.139e+12
    18.783 2.1408e+12
    18.796 2.1427e+12
    18.808 2.1445e+12
     18.82 2.1464e+12
    18.833 2.1483e+12
    18.845 2.1501e+12
    18.858 2.1519e+12
     18.87 2.1538e+12
    18.882 2.1556e+12
    18.895 2.1575e+12
    18.907 2.1593e+12
     18.92 2.1612e+12
    18.932  2.163e+12
    18.944 2.1649e+12
    18.957 2.1667e+12
    18.969 2.1686e+12
    18.982 2.1704e+12
    18.994 2.1723e+12
    19.006 2.1741e+12
    19.019 2.1759e+12
    19.031 2.1778e+12
    19.044 2.1796e+12
    19.056 2.1815e+12
    19.068 2.1833e+12
    19.081 2.1851e+12
    19.093  2.187e+12
    19.106 2.1888e+12
    19.118 2.1907e+12
     19.13 2.1925e+12
    19.143 2.1943e+12
    19.155 2.1962e+12
    19.168  2.198e+12
     19.18 2.1999e+12
    19.192 2.2017e+12
    19.205 2.2035e+12
    19.217 2.2054e+12
     19.23 2.2072e+12
    19.242  2.209e+12
    19.254 2.2109e+12
    19.267 2.2127e+12
    19.279 2.2145e+12
    19.291 2.2164e+12
    19.304 2.2182e+12
    19.316   2.22e+12
    19.329 2.2219e+12
    19.341 2.2237e+12
    19.353 2.2255e+12
    19.366 2.2274e+12
    19.378 2.2292e+12
    19.391  2.231e+12
    19.403 2.2329e+12
    19.415 2.2347e+12
    19.428 2.2365e+12
     19.44 2.2383e+12
    19.453 2.2402e+12
    19.465  2.242e+12
    19.477 2.2438e+12
     19.49 2.2457e+12
    19.502 2.2475e+12
    19.515 2.2493e+12
    19.527 2.2511e+12
    19.539 2.2529e+12
    19.552 2.2548e+12
    19.564 2.2566e+12
    19.577 2.2584e+12
    19.589 2.2602e+12
    19.601 2.2621e+12
    19.614 2.2639e+12
    19.626 2.2657e+12
    19.639 2.2675e+12
    19.651 2.2693e+12
    19.663 2.2712e+12
    19.676  2.273e+12
    19.688 2.2748e+12
    19.701 2.2766e+12
    19.713 2.2784e+12
    19.725 2.2803e+12
    19.738 2.2821e+12
     19.75 2.2839e+12
    19.763 2.2857e+12
    19.775 2.2875e+12
    19.787 2.2893e+12
      19.8 2.2911e+12
    19.812  2.293e+12
    19.825 2.2948e+12
    19.837 2.2966e+12
    19.849 2.2984e+12
    19.862 2.3002e+12
    19.874  2.302e+12
    19.887 2.3038e+12
    19.899 2.3056e+12
    19.911 2.3075e+12
    19.924 2.3093e+12
    19.936 2.3111e+12
    19.949 2.3129e+12
    19.961 2.3147e+12
    19.973 2.3165e+12
    19.986 2.3183e+12
    19.998 2.3201e+12
    20.011 2.3219e+12
    20.023 2.3237e+12
    20.035 2.3255e+12
    20.048 2.3273e+12
     20.06 2.3291e+12
    20.073 2.3309e+12
    20.085 2.3328e+12
    20.097 2.3346e+12
     20.11 2.3364e+12
    20.122 2.3382e+12
    20.135   2.34e+12
    20.147 2.3418e+12
    20.159 2.3436e+12
    20.172 2.3454e+12
    20.184 2.3472e+12
    20.197  2.349e+12
    20.209 2.3508e+12
    20.221 2.3526e+12
    20.234 2.3544e+12
    20.246 2.3562e+12
    20.259 2.3579e+12
    20.271 2.3597e+12
    20.283 2.3615e+12
    20.296 2.3633e+12
    20.308 2.3651e+12
    20.321 2.3669e+12
    20.333 2.3687e+12
    20.345 2.3705e+12
    20.358 2.3723e+12
     20.37 2.3741e+12
    20.383 2.3759e+12
    20.395 2.3777e+12
    20.407 2.3795e+12
     20.42 2.3813e+12
    20.432  2.383e+12
    20.445 2.3849e+12
    20.457 2.3866e+12
    20.469 2.3884e+12
    20.482 2.3902e+12
    20.494  2.392e+12
    20.507 2.3938e+12
    20.519 2.3956e+12
    20.531 2.3974e+12
    20.544 2.3991e+12
    20.556 2.4009e+12
    20.569 2.4027e+12
    20.581 2.4045e+12
    20.593 2.4063e+12
    20.606 2.4081e+12
    20.618 2.4098e+12
     20.63 2.4116e+12
    20.643 2.4134e+12
    20.655 2.4152e+12
    20.668  2.417e+12
     20.68 2.4188e+12
    20.692 2.4205e+12
    20.705 2.4223e+12
    20.717 2.4241e+12
     20.73 2.4259e+12
    20.742 2.4277e+12
    20.754 2.4294e+12
    20.767 2.4312e+12
    20.779  2.433e+12
    20.792 2.4348e+12
    20.804 2.4365e+12
    20.816 2.4383e+12
    20.829 2.4401e+12
    20.841 2.4419e+12
    20.854 2.4436e+12
    20.866 2.4454e+12
    20.878 2.4472e+12
    20.891 2.4489e+12
    20.903 2.4507e+12
    20.916 2.4525e+12
    20.928 2.4543e+12
     20.94  2.456e+12
    20.953 2.4578e+12
    20.965 2.4596e+12
    20.978 2.4613e+12
     20.99 2.4631e+12
    21.002 2.4649e+12
    21.015 2.4666e+12
    21.027 2.4684e+12
     21.04 2.4702e+12
    21.052 2.4719e+12
    21.064 2.4737e+12
    21.077 2.4755e+12
    21.089 2.4772e+12
    21.102  2.479e+12
    21.114 2.4808e+12
    21.126 2.4825e+12
    21.139 2.4843e+12
    21.151  2.486e+12
    21.164 2.4878e+12
    21.176 2.4896e+12
    21.188 2.4913e+12
    21.201 2.4931e+12
    21.213 2.4948e+12
    21.226 2.4966e+12
    21.238 2.4984e+12
     21.25 2.5001e+12
    21.263 2.5019e+12
    21.275 2.5036e+12
    21.288 2.5054e+12
      21.3 2.5072e+12
    21.312 2.5089e+12
    21.325 2.5107e+12
    21.337 2.5124e+12
     21.35 2.5142e+12
    21.362 2.5159e+12
    21.374 2.5177e+12
    21.387 2.5194e+12
    21.399 2.5212e+12
    21.412 2.5229e+12
    21.424 2.5247e+12
    21.436 2.5264e+12
    21.449 2.5282e+12
    21.461 2.5299e+12
    21.474 2.5317e+12
    21.486 2.5334e+12
    21.498 2.5352e+12
    21.511 2.5369e+12
    21.523 2.5387e+12
    21.536 2.5404e+12
    21.548 2.5422e+12
     21.56 2.5439e+12
    21.573 2.5456e+12
    21.585 2.5474e+12
    21.598 2.5491e+12
     21.61 2.5509e+12
    21.622 2.5526e+12
    21.635 2.5544e+12
    21.647 2.5561e+12
     21.66 2.5578e+12
    21.672 2.5596e+12
    21.684 2.5613e+12
    21.697 2.5631e+12
    21.709 2.5648e+12
    21.722 2.5665e+12
    21.734 2.5683e+12
    21.746   2.57e+12
    21.759 2.5718e+12
    21.771 2.5735e+12
    21.784 2.5752e+12
    21.796  2.577e+12
    21.808 2.5787e+12
    21.821 2.5804e+12
    21.833 2.5822e+12
    21.846 2.5839e+12
    21.858 2.5856e+12
     21.87 2.5874e+12
    21.883 2.5891e+12
    21.895 2.5908e+12
    21.908 2.5926e+12
     21.92 2.5943e+12
    21.932  2.596e+12
    21.945 2.5977e+12
    21.957 2.5995e+12
    21.969 2.6012e+12
    21.982 2.6029e+12
    21.994 2.6047e+12
    22.007 2.6064e+12
    22.019 2.6081e+12
    22.031 2.6098e+12
    22.044 2.6116e+12
    22.056 2.6133e+12
    22.069  2.615e+12
    22.081 2.6167e+12
    22.093 2.6185e+12
    22.106 2.6202e+12
    22.118 2.6219e+12
    22.131 2.6236e+12
    22.143 2.6253e+12
    22.155 2.6271e+12
    22.168 2.6288e+12
     22.18 2.6305e+12
    22.193 2.6322e+12
    22.205 2.6339e+12
    22.217 2.6357e+12
     22.23 2.6374e+12
    22.242 2.6391e+12
    22.255 2.6408e+12
    22.267 2.6425e+12
    22.279 2.6443e+12
    22.292  2.646e+12
    22.304 2.6477e+12
    22.317 2.6494e+12
    22.329 2.6511e+12
    22.341 2.6528e+12
    22.354 2.6545e+12
    22.366 2.6562e+12
    22.379  2.658e+12
    22.391 2.6597e+12
    22.403 2.6614e+12
    22.416 2.6631e+12
    22.428 2.6648e+12
    22.441 2.6665e+12
    22.453 2.6682e+12
    22.465 2.6699e+12
    22.478 2.6716e+12
     22.49 2.6733e+12
    22.503  2.675e+12
    22.515 2.6767e+12
    22.527 2.6785e+12
     22.54 2.6802e+12
    22.552 2.6819e+12
    22.565 2.6836e+12
    22.577 2.6853e+12
    22.589  2.687e+12
    22.602 2.6887e+12
    22.614 2.6904e+12
    22.627 2.6921e+12
    22.639 2.6938e+12
    22.651 2.6955e+12
    22.664 2.6972e+12
    22.676 2.6989e+12
    22.689 2.7006e+12
    22.701 2.7023e+12
    22.713  2.704e+12
    22.726 2.7057e+12
    22.738 2.7074e+12
    22.751 2.7091e+12
    22.763 2.7108e+12
    22.775 2.7125e+12
    22.788 2.7142e+12
      22.8 2.7159e+12
    22.813 2.7175e+12
    22.825 2.7192e+12
    22.837 2.7209e+12
     22.85 2.7226e+12
    22.862 2.7243e+12
    22.875  2.726e+12
    22.887 2.7277e+12
    22.899 2.7294e+12
    22.912 2.7311e+12
    22.924 2.7328e+12
    22.937 2.7345e+12
    22.949 2.7361e+12
    22.961 2.7378e+12
    22.974 2.7395e+12
    22.986 2.7412e+12
    22.999 2.7429e+12
    23.011 2.7446e+12
    23.023 2.7463e+12
    23.036 2.7479e+12
    23.048 2.7496e+12
    23.061 2.7513e+12
    23.073  2.753e+12
    23.085 2.7547e+12
    23.098 2.7564e+12
     23.11  2.758e+12
    23.123 2.7597e+12
    23.135 2.7614e+12
    23.147 2.7631e+12
     23.16 2.7648e+12
    23.172 2.7664e+12
    23.185 2.7681e+12
    23.197 2.7698e+12
    23.209 2.7715e+12
    23.222 2.7732e+12
    23.234 2.7748e+12
    23.247 2.7765e+12
    23.259 2.7782e+12
    23.271 2.7798e+12
    23.284 2.7815e+12
    23.296 2.7832e+12
    23.308 2.7849e+12
    23.321 2.7865e+12
    23.333 2.7882e+12
    23.346 2.7899e+12
    23.358 2.7916e+12
     23.37 2.7932e+12
    23.383 2.7949e+12
    23.395 2.7966e+12
    23.408 2.7982e+12
     23.42 2.7999e+12
    23.432 2.8016e+12
    23.445 2.8033e+12
    23.457 2.8049e+12
     23.47 2.8066e+12
    23.482 2.8082e+12
    23.494 2.8099e+12
    23.507 2.8116e+12
    23.519 2.8132e+12
    23.532 2.8149e+12
    23.544 2.8166e+12
    23.556 2.8182e+12
    23.569 2.8199e+12
    23.581 2.8216e+12
    23.594 2.8232e+12
    23.606 2.8249e+12
    23.618 2.8265e+12
    23.631 2.8282e+12
    23.643 2.8299e+12
    23.656 2.8315e+12
    23.668 2.8332e+12
     23.68 2.8348e+12
    23.693 2.8365e+12
    23.705 2.8381e+12
    23.718 2.8398e+12
     23.73 2.8415e+12
    23.742 2.8431e+12
    23.755 2.8448e+12
    23.767 2.8464e+12
     23.78 2.8481e+12
    23.792 2.8497e+12
    23.804 2.8514e+12
    23.817  2.853e+12
    23.829 2.8547e+12
    23.842 2.8563e+12
    23.854  2.858e+12
    23.866 2.8596e+12
    23.879 2.8613e+12
    23.891 2.8629e+12
    23.904 2.8646e+12
    23.916 2.8662e+12
    23.928 2.8679e+12
    23.941 2.8695e+12
    23.953 2.8712e+12
    23.966 2.8728e+12
    23.978 2.8745e+12
     23.99 2.8761e+12
    24.003 2.8778e+12
    24.015 2.8794e+12
    24.028  2.881e+12
     24.04 2.8827e+12
    24.052 2.8843e+12
    24.065  2.886e+12
    24.077 2.8876e+12
     24.09 2.8893e+12
    24.102 2.8909e+12
    24.114 2.8925e+12
    24.127 2.8942e+12
    24.139 2.8958e+12
    24.152 2.8974e+12
    24.164 2.8991e+12
    24.176 2.9007e+12
    24.189 2.9024e+12
    24.201  2.904e+12
    24.214 2.9056e+12
    24.226 2.9072e+12
    24.238 2.9089e+12
    24.251 2.9105e+12
    24.263 2.9122e+12
    24.276 2.9138e+12
    24.288 2.9154e+12
      24.3 2.9171e+12
    24.313 2.9187e+12
    24.325 2.9203e+12
    24.338 2.9219e+12
     24.35 2.9236e+12
    24.362 2.9252e+12
    24.375 2.9268e+12
    24.387 2.9285e+12
      24.4 2.9301e+12
    24.412 2.9317e+12
    24.424 2.9334e+12
    24.437  2.935e+12
    24.449 2.9366e+12
    24.462 2.9382e+12
    24.474 2.9399e+12
    24.486 2.9415e+12
    24.499 2.9431e+12
    24.511 2.9447e+12
    24.524 2.9464e+12
    24.536  2.948e+12
    24.548 2.9496e+12
    24.561 2.9512e+12
    24.573 2.9528e+12
    24.585 2.9545e+12
    24.598 2.9561e+12
     24.61 2.9577e+12
    24.623 2.9593e+12
    24.635 2.9609e+12
    24.647 2.9626e+12
     24.66 2.9642e+12
    24.672 2.9658e+12
    24.685 2.9674e+12
    24.697  2.969e+12
    24.709 2.9706e+12
    24.722 2.9722e+12
    24.734 2.9739e+12
    24.747 2.9755e+12
    24.759 2.9771e+12
    24.771 2.9787e+12
    24.784 2.9803e+12
    24.796 2.9819e+12
    24.809 2.9835e+12
    24.821 2.9851e+12
    24.833 2.9868e+12
    24.846 2.9884e+12
    24.858   2.99e+12
    24.871 2.9916e+12
    24.883 2.9932e+12
    24.895 2.9948e+12
    24.908 2.9964e+12
     24.92  2.998e+12
    24.933 2.9996e+12
    24.945 3.0012e+12
    24.957 3.0028e+12
     24.97 3.0044e+12
    24.982  3.006e+12
    24.995 3.0076e+12
    25.007 3.0092e+12
    25.019 3.0108e+12
    25.032 3.0124e+12
    25.044  3.014e+12
    25.057 3.0156e+12
    25.069 3.0172e+12
    25.081 3.0188e+12
    25.094 3.0204e+12
    25.106 3.0221e+12
    25.119 3.0236e+12
    25.131 3.0252e+12
    25.143 3.0268e+12
    25.156 3.0284e+12
    25.168   3.03e+12
    25.181 3.0316e+12
    25.193 3.0332e+12
    25.205 3.0348e+12
    25.218 3.0364e+12
     25.23  3.038e+12
    25.243 3.0396e+12
    25.255 3.0412e+12
    25.267 3.0428e+12
     25.28 3.0444e+12
    25.292  3.046e+12
    25.305 3.0475e+12
    25.317 3.0491e+12
    25.329 3.0507e+12
    25.342 3.0523e+12
    25.354 3.0539e+12
    25.367 3.0555e+12
    25.379 3.0571e+12
    25.391 3.0587e+12
    25.404 3.0603e+12
    25.416 3.0618e+12
    25.429 3.0634e+12
    25.441  3.065e+12
    25.453 3.0666e+12
    25.466 3.0682e+12
    25.478 3.0698e+12
    25.491 3.0713e+12
    25.503 3.0729e+12
    25.515 3.0745e+12
    25.528 3.0761e+12
     25.54 3.0777e+12
    25.553 3.0792e+12
    25.565 3.0808e+12
    25.577 3.0824e+12
     25.59  3.084e+12
    25.602 3.0856e+12
    25.615 3.0871e+12
    25.627 3.0887e+12
    25.639 3.0903e+12
    25.652 3.0919e+12
    25.664 3.0934e+12
    25.677  3.095e+12
    25.689 3.0966e+12
    25.701 3.0982e+12
    25.714 3.0997e+12
    25.726 3.1013e+12
    25.739 3.1029e+12
    25.751 3.1045e+12
    25.763  3.106e+12
    25.776 3.1076e+12
    25.788 3.1092e+12
    25.801 3.1107e+12
    25.813 3.1123e+12
    25.825 3.1139e+12
    25.838 3.1155e+12
     25.85  3.117e+12
    25.863 3.1186e+12
    25.875 3.1201e+12
    25.887 3.1217e+12
      25.9 3.1233e+12
    25.912 3.1249e+12
    25.924 3.1264e+12
    25.937  3.128e+12
    25.949 3.1295e+12
    25.962 3.1311e+12
    25.974 3.1327e+12
    25.986 3.1342e+12
    25.999 3.1358e+12
    26.011 3.1374e+12
    26.024 3.1389e+12
    26.036 3.1405e+12
    26.048  3.142e+12
    26.061 3.1436e+12
    26.073 3.1452e+12
    26.086 3.1467e+12
    26.098 3.1483e+12
     26.11 3.1498e+12
    26.123 3.1514e+12
    26.135 3.1529e+12
    26.148 3.1545e+12
     26.16  3.156e+12
    26.172 3.1576e+12
    26.185 3.1591e+12
    26.197 3.1607e+12
     26.21 3.1623e+12
    26.222 3.1638e+12
    26.234 3.1654e+12
    26.247 3.1669e+12
    26.259 3.1685e+12
    26.272   3.17e+12
    26.284 3.1716e+12
    26.296 3.1731e+12
    26.309 3.1747e+12
    26.321 3.1762e+12
    26.334 3.1778e+12
    26.346 3.1793e+12
    26.358 3.1809e+12
    26.371 3.1824e+12
    26.383  3.184e+12
    26.396 3.1855e+12
    26.408  3.187e+12
     26.42 3.1886e+12
    26.433 3.1901e+12
    26.445 3.1917e+12
    26.458 3.1932e+12
     26.47 3.1948e+12
    26.482 3.1963e+12
    26.495 3.1978e+12
    26.507 3.1994e+12
     26.52 3.2009e+12
    26.532 3.2025e+12
    26.544  3.204e+12
    26.557 3.2056e+12
    26.569 3.2071e+12
    26.582 3.2086e+12
    26.594 3.2102e+12
    26.606 3.2117e+12
    26.619 3.2132e+12
    26.631 3.2148e+12
    26.644 3.2163e+12
    26.656 3.2178e+12
    26.668 3.2194e+12
    26.681 3.2209e+12
    26.693 3.2225e+12
    26.706  3.224e+12
    26.718 3.2255e+12
     26.73  3.227e+12
    26.743 3.2286e+12
    26.755 3.2301e+12
    26.768 3.2316e+12
     26.78 3.2332e+12
    26.792 3.2347e+12
    26.805 3.2362e+12
    26.817 3.2377e+12
     26.83 3.2393e+12
    26.842 3.2408e+12
    26.854 3.2423e+12
    26.867 3.2439e+12
    26.879 3.2454e+12
    26.892 3.2469e+12
    26.904 3.2484e+12
    26.916   3.25e+12
    26.929 3.2515e+12
    26.941  3.253e+12
    26.954 3.2545e+12
    26.966  3.256e+12
    26.978 3.2576e+12
    26.991 3.2591e+12
    27.003 3.2606e+12
    27.016 3.2621e+12
    27.028 3.2637e+12
     27.04 3.2652e+12
    27.053 3.2667e+12
    27.065 3.2682e+12
    27.078 3.2697e+12
     27.09 3.2712e+12
    27.102 3.2728e+12
    27.115 3.2743e+12
    27.127 3.2758e+12
     27.14 3.2773e+12
    27.152 3.2788e+12
    27.164 3.2803e+12
    27.177 3.2818e+12
    27.189 3.2834e+12
    27.202 3.2849e+12
    27.214 3.2864e+12
    27.226 3.2879e+12
    27.239 3.2894e+12
    27.251 3.2909e+12
    27.263 3.2925e+12
    27.276 3.2939e+12
    27.288 3.2955e+12
    27.301  3.297e+12
    27.313 3.2985e+12
    27.325    3.3e+12
    27.338 3.3015e+12
     27.35  3.303e+12
    27.363 3.3045e+12
    27.375  3.306e+12
    27.387 3.3075e+12
      27.4  3.309e+12
    27.412 3.3105e+12
    27.425  3.312e+12
    27.437 3.3135e+12
    27.449  3.315e+12
    27.462 3.3165e+12
    27.474  3.318e+12
    27.487 3.3195e+12
    27.499  3.321e+12
    27.511 3.3225e+12
    27.524  3.324e+12
    27.536 3.3255e+12
    27.549  3.327e+12
    27.561 3.3285e+12
    27.573   3.33e+12
    27.586 3.3315e+12
    27.598  3.333e+12
    27.611 3.3345e+12
    27.623  3.336e+12
    27.635 3.3375e+12
    27.648  3.339e+12
     27.66 3.3405e+12
    27.673  3.342e+12
    27.685 3.3435e+12
    27.697  3.345e+12
     27.71 3.3465e+12
    27.722  3.348e+12
    27.735 3.3495e+12
    27.747 3.3509e+12
    27.759 3.3524e+12
    27.772 3.3539e+12
    27.784 3.3554e+12
    27.797 3.3569e+12
    27.809 3.3584e+12
    27.821 3.3599e+12
    27.834 3.3614e+12
    27.846 3.3629e+12
    27.859 3.3643e+12
    27.871 3.3658e+12
    27.883 3.3673e+12
    27.896 3.3688e+12
    27.908 3.3703e+12
    27.921 3.3718e+12
    27.933 3.3733e+12
    27.945 3.3747e+12
    27.958 3.3762e+12
     27.97 3.3777e+12
    27.983 3.3792e+12
    27.995 3.3807e+12
    28.007 3.3821e+12
     28.02 3.3836e+12
    28.032 3.3851e+12
    28.045 3.3866e+12
    28.057 3.3881e+12
    28.069 3.3895e+12
    28.082  3.391e+12
    28.094 3.3925e+12
    28.107  3.394e+12
    28.119 3.3955e+12
    28.131 3.3969e+12
    28.144 3.3984e+12
    28.156 3.3999e+12
    28.169 3.4014e+12
    28.181 3.4028e+12
    28.193 3.4043e+12
    28.206 3.4058e+12
    28.218 3.4072e+12
    28.231 3.4087e+12
    28.243 3.4102e+12
    28.255 3.4117e+12
    28.268 3.4131e+12
     28.28 3.4146e+12
    28.293 3.4161e+12
    28.305 3.4175e+12
    28.317  3.419e+12
     28.33 3.4205e+12
    28.342 3.4219e+12
    28.355 3.4234e+12
    28.367 3.4249e+12
    28.379 3.4263e+12
    28.392 3.4278e+12
    28.404 3.4293e+12
    28.417 3.4307e+12
    28.429 3.4322e+12
    28.441 3.4337e+12
    28.454 3.4352e+12
    28.466 3.4366e+12
    28.479 3.4381e+12
    28.491 3.4395e+12
    28.503  3.441e+12
    28.516 3.4424e+12
    28.528 3.4439e+12
    28.541 3.4454e+12
    28.553 3.4468e+12
    28.565 3.4483e+12
    28.578 3.4497e+12
     28.59 3.4512e+12
    28.602 3.4526e+12
    28.615 3.4541e+12
    28.627 3.4556e+12
     28.64  3.457e+12
    28.652 3.4585e+12
    28.664 3.4599e+12
    28.677 3.4614e+12
    28.689 3.4628e+12
    28.702 3.4643e+12
    28.714 3.4657e+12
    28.726 3.4672e+12
    28.739 3.4686e+12
    28.751 3.4701e+12
    28.764 3.4716e+12
    28.776  3.473e+12
    28.788 3.4744e+12
    28.801 3.4759e+12
    28.813 3.4774e+12
    28.826 3.4788e+12
    28.838 3.4802e+12
     28.85 3.4817e+12
    28.863 3.4831e+12
    28.875 3.4846e+12
    28.888  3.486e+12
      28.9 3.4875e+12
    28.912 3.4889e+12
    28.925 3.4904e+12
    28.937 3.4918e+12
     28.95 3.4932e+12
    28.962 3.4947e+12
    28.974 3.4961e+12
    28.987 3.4976e+12
    28.999  3.499e+12
    29.012 3.5005e+12
    29.024 3.5019e+12
    29.036 3.5033e+12
    29.049 3.5048e+12
    29.061 3.5062e+12
    29.074 3.5077e+12
    29.086 3.5091e+12
    29.098 3.5105e+12
    29.111  3.512e+12
    29.123 3.5134e+12
    29.136 3.5148e+12
    29.148 3.5163e+12
     29.16 3.5177e+12
    29.173 3.5192e+12
    29.185 3.5206e+12
    29.198  3.522e+12
     29.21 3.5235e+12
    29.222 3.5249e+12
    29.235 3.5263e+12
    29.247 3.5277e+12
     29.26 3.5292e+12
    29.272 3.5306e+12
    29.284  3.532e+12
    29.297 3.5335e+12
    29.309 3.5349e+12
    29.322 3.5363e+12
    29.334 3.5378e+12
    29.346 3.5392e+12
    29.359 3.5406e+12
    29.371  3.542e+12
    29.384 3.5435e+12
    29.396 3.5449e+12
    29.408 3.5463e+12
    29.421 3.5478e+12
    29.433 3.5492e+12
    29.446 3.5506e+12
    29.458  3.552e+12
     29.47 3.5535e+12
    29.483 3.5549e+12
    29.495 3.5563e+12
    29.508 3.5577e+12
     29.52 3.5591e+12
    29.532 3.5606e+12
    29.545  3.562e+12
    29.557 3.5634e+12
     29.57 3.5648e+12
    29.582 3.5662e+12
    29.594 3.5676e+12
    29.607 3.5691e+12
    29.619 3.5705e+12
    29.632 3.5719e+12
    29.644 3.5733e+12
    29.656 3.5747e+12
    29.669 3.5762e+12
    29.681 3.5776e+12
    29.694  3.579e+12
    29.706 3.5804e+12
    29.718 3.5818e+12
    29.731 3.5832e+12
    29.743 3.5847e+12
    29.756  3.586e+12
    29.768 3.5875e+12
     29.78 3.5889e+12
    29.793 3.5903e+12
    29.805 3.5917e+12
    29.818 3.5931e+12
     29.83 3.5945e+12
    29.842 3.5959e+12
    29.855 3.5973e+12
    29.867 3.5987e+12
     29.88 3.6002e+12
    29.892 3.6016e+12
    29.904  3.603e+12
    29.917 3.6044e+12
    29.929 3.6058e+12
    29.941 3.6072e+12
    29.954 3.6086e+12
    29.966   3.61e+12
    29.979 3.6114e+12
    29.991 3.6128e+12
    30.003 3.6142e+12
